0.9773606791796247 1.844507268700113e-05
0.9770406887793366 9.606808692552704e-06
0.9763207103786886 9.991081039828487e-06
0.9760607181784546 9.606808690776347e-06
0.9752007439776806 9.99108103805213e-06
0.9743007709768707 9.606808692552704e-06
0.9725808225753227 9.606808690776347e-06
0.9718108456746297 9.222536343500565e-06
0.9715108546743597 9.606808692552704e-06
0.9704508864734058 9.991081039828487e-06
0.9700108996730098 9.606808690776347e-06
0.9695109146725598 9.606808690776347e-06
0.9668309950701479 9.606808692552704e-06
0.9663510094697159 9.99108103805213e-06
0.964921052368429 9.99108103805213e-06
0.964671059868204 9.606808692552704e-06
0.9643810685679429 9.606808690776347e-06
0.964231073067808 1.0759625732603695e-05
0.964191074267772 9.606808690776347e-06
0.963761087167385 1.3833804516139026e-05
0.96281111566653 9.222536343500565e-06
0.962571122866314 9.991081039828487e-06
0.961651150465486 9.606808690776347e-06
0.960901172964811 1.4218076863414808e-05
0.9605111846644601 1.7676527992449564e-05
0.9600611981640551 1.6139438601570077e-05
0.9600011999640011 1.5370893905242156e-05
0.9599312020639381 1.5755166252517938e-05
0.9595512134635961 1.5370893907018512e-05
0.9590312290631281 1.5370893907018512e-05
0.9588612341629751 9.606808690776347e-06
0.9585012449626511 9.991081039828487e-06
0.9572912812615622 9.99108103805213e-06
0.9571612851614452 1.3065259819811104e-05
0.9560613181604551 9.606808690776347e-06
0.9553713388598342 9.606808690776347e-06
0.9549613511594652 9.606808690776347e-06
0.9549213523594292 9.222536343500565e-06
0.9545713628591143 9.99108103805213e-06
0.9529314120576383 9.991081039828487e-06
0.9526114216573502 9.606808690776347e-06
0.9519614411567653 9.606808690776347e-06
0.9517814465566033 9.222536343500565e-06
0.9516414507564773 9.606808690776347e-06
0.9515814525564233 9.606808690776347e-06
0.9512714618561443 9.99108103805213e-06
0.9510914672559824 9.606808690776347e-06
0.9510914672559824 9.99108103805213e-06
0.9504114876553703 9.606808692552704e-06
0.9495315140545784 9.606808690776347e-06
0.9490515284541464 9.606808690776347e-06
0.9487715368538944 9.606808692552704e-06
0.9485015449536514 1.1143898081655834e-05
0.9483015509534714 1.2680987472535321e-05
0.9480015599532015 9.991081039828487e-06
0.9476315710528684 9.99108103805213e-06
0.9475115746527604 9.606808690776347e-06
0.9474615761527154 9.606808690776347e-06
0.9474215773526794 9.991081039828487e-06
0.9473315800525984 9.606808692552704e-06
0.9472415827525175 9.606808690776347e-06
0.9464016079517614 9.606808690776347e-06
0.9451216463506095 9.991081039828487e-06
0.9451216463506095 9.606808690776347e-06
0.9446516604501864 9.606808690776347e-06
0.9444316670499885 9.606808690776347e-06
0.9436816895493135 9.222536343500565e-06
0.9432817015489535 9.222536343500565e-06
0.9425817225483235 1.844507268700113e-05
0.9418017459476216 1.5755166252517938e-05
0.9412917612471626 1.8060800339725347e-05
0.9411017669469915 1.844507268700113e-05
0.9404117876463706 9.99108103805213e-06
0.9401417957461277 1.7676527992449564e-05
0.9398018059458216 1.9597889730604834e-05
0.9388718338449846 9.606808690776347e-06
0.9382818515444536 1.844507268700113e-05
0.9381618551443457 1.9597889730604834e-05
0.9374318770436887 1.8445072688777486e-05
0.9373118806435807 1.8829345034276912e-05
0.9363319100426987 9.606808690776347e-06
0.9362619121426358 9.606808690776347e-06
0.9362219133425997 9.99108103805213e-06
0.9355719328420148 1.7676527990673208e-05
0.9355719328420148 1.7292255643397425e-05
0.9354519364419067 1.6907983297898e-05
0.9353119406417807 1.921361738332905e-05
0.9352519424417267 1.6907983296121643e-05
0.9344619661410157 1.7292255645173782e-05
0.9342519724408268 1.7676527992449564e-05
0.9340719778406648 9.606808690776347e-06
0.9330720078397648 9.991081039828487e-06
0.9306920792376229 9.991081039828487e-06
0.9306920792376229 9.606808690776347e-06
0.9302320930372089 9.606808690776347e-06
0.9302320930372089 9.606808690776347e-06
0.9296721098367049 9.606808690776347e-06
0.9292721218363449 9.99108103805213e-06
0.9286221413357599 9.606808690776347e-06
0.927942161735148 1.8829345034276912e-05
0.9278821635350939 1.8829345034276912e-05
0.927402177934662 1.844507268700113e-05
0.9262722118336449 1.7292255643397425e-05
0.926202213933582 2.03664344251564e-05
0.925752227433177 1.7676527992449564e-05
0.925342239732808 1.9982162077880616e-05
0.92502224933252 1.844507268700113e-05
0.924762257132286 1.844507268700113e-05
0.924612261632151 1.844507268700113e-05
0.923742287731368 1.9982162077880616e-05
0.923712288631341 1.7292255643397425e-05
0.9228923132306031 1.844507268700113e-05
0.9225623231303061 9.606808690776347e-06
0.9218323450296491 9.606808690776347e-06
0.9217623471295862 9.99108103805213e-06
0.9217423477295681 9.222536343500565e-06
0.9205323840284791 9.606808690776347e-06
0.9204223873283801 9.606808692552704e-06
0.9200823975280742 2.0750706774208538e-05
0.9200423987280382 1.7292255645173782e-05
0.9195624131276062 1.5370893905242156e-05
0.9185724428267152 1.4986621557966373e-05
0.9182424527264182 1.5755166252517938e-05
0.9180024599262022 1.460234921069059e-05
0.9179924602261932 1.4986621557966373e-05
0.9179024629261122 1.5370893907018512e-05
0.9175724728258152 1.460234921069059e-05
0.9162625121246363 1.0375353387104269e-05
0.9156825295241143 9.99108103805213e-06
0.9144025679229623 9.606808692552704e-06
0.9127326180214593 9.99108103805213e-06
0.9122226333210004 9.606808692552704e-06
0.9121326360209193 9.606808690776347e-06
0.9114026579202624 1.6907983296121643e-05
0.9109226723198304 1.7292255643397425e-05
0.9106326810195694 1.7676527992449564e-05
0.9106126816195514 1.652371094884586e-05
0.9104826855194345 1.6907983296121643e-05
0.9102026939191824 1.460234921069059e-05
0.9098927032189035 9.99108103805213e-06
0.9091427257182284 1.0759625734380052e-05
0.9090127296181114 9.99108103805213e-06
0.9088127356179314 9.606808690776347e-06
0.9083627491175265 9.606808690776347e-06
0.9076727698169055 9.606808690776347e-06
0.9070027899163026 9.606808690776347e-06
0.9069027929162126 9.606808690776347e-06
0.9063428097157086 1.921361738332905e-05
0.9062028139155826 1.844507268700113e-05
0.9060028199154025 1.8060800339725347e-05
0.9056728298151056 9.991081039828487e-06
0.9049828505144846 9.99108103805213e-06
0.9043528694139176 1.6139438601570077e-05
0.9038428847134586 1.4986621557966373e-05
0.9037128886133416 1.498662155974273e-05
0.9035828925132247 1.4986621557966373e-05
0.9028929132126037 1.0375353387104269e-05
0.9026829195124146 9.606808690776347e-06
0.9024529264122076 9.606808690776347e-06
0.9021629351119467 9.991081039828487e-06
0.9012829615111546 1.5755166254294295e-05
0.9001929942101737 9.222536343500565e-06
0.9001429957101287 1.2296715123483182e-05
0.8993730188094358 1.844507268700113e-05
0.8989030329090127 1.8829345034276912e-05
0.8988930332090037 1.8060800339725347e-05
0.8981730548083557 1.0759625732603695e-05
0.8973830785076448 9.606808692552704e-06
0.8969330920072398 9.99108103805213e-06
0.8963631091067268 9.606808690776347e-06
0.8957631271061868 9.99108103805213e-06
0.8953131406057818 9.606808690776347e-06
0.8952731418057458 9.606808690776347e-06
0.8950131496055118 9.991081039828487e-06
0.8946131616051518 9.99108103805213e-06
0.8942631721048369 1.6907983296121643e-05
0.8937431877043689 9.606808690776347e-06
0.8932632021039368 9.606808692552704e-06
0.8927932162035139 1.844507268700113e-05
0.8920932372028839 9.99108103805213e-06
0.891283261502155 9.991081039828487e-06
0.8912332630021099 9.991081039828487e-06
0.890883273501795 9.606808692552704e-06
0.8904032879013629 9.606808690776347e-06
0.890363289101327 9.606808690776347e-06
0.889493315200544 9.606808692552704e-06
0.888673339799806 1.9213617381552694e-05
0.887943361699149 1.4986621557966373e-05
0.887813365599032 1.460234921069059e-05
0.8869033928982131 1.5370893905242156e-05
0.8861834144975651 1.5755166254294295e-05
0.886063418097457 1.1143898083432191e-05
0.8859234222973311 1.0375353387104269e-05
0.8858734237972861 1.8829345034276912e-05
0.8853934381968541 1.844507268700113e-05
0.8852434426967191 1.921361738332905e-05
0.8846934591962241 1.844507268700113e-05
0.8842134735957922 1.844507268700113e-05
0.8836334909952701 1.652371094884586e-05
0.8815235542933711 9.606808690776347e-06
0.8814235572932813 9.606808692552704e-06
0.8809535713928582 9.606808690776347e-06
0.8808835734927952 9.606808690776347e-06
0.8790436286911393 1.6907983297898e-05
0.8784636460906173 1.7676527990673208e-05
0.8783836484905453 1.5755166252517938e-05
0.8779836604901853 9.606808690776347e-06
0.8764137075887724 9.99108103805213e-06
0.8760037198884033 1.844507268700113e-05
0.8752537423877284 9.991081039828487e-06
0.8752337429877104 9.99108103805213e-06
0.8748137555873324 9.99108103805213e-06
0.8746137615871524 9.606808690776347e-06
0.8739737807865764 9.606808690776347e-06
0.8738337849864504 9.606808692552704e-06
0.8733038008859734 9.606808690776347e-06
0.8731938041858744 1.1143898081655834e-05
0.8726038218853435 1.7292255645173782e-05
0.8725438236852895 1.0375353387104269e-05
0.8723638290851274 9.991081039828487e-06
0.8721038368848935 9.606808690776347e-06
0.8715938521844344 9.222536343500565e-06
0.8715938521844344 1.0759625734380052e-05
0.8711438656840295 9.606808692552704e-06
0.8704738857834265 9.99108103805213e-06
0.8704338869833905 9.606808690776347e-06
0.8703938881833545 9.606808690776347e-06
0.8693139205823825 9.606808690776347e-06
0.8686039418817435 1.19124427762074e-05
0.8675639730808076 9.991081039828487e-06
0.8673439796806096 9.606808690776347e-06
0.8659740207793766 9.99108103805213e-06
0.8654740357789267 9.606808690776347e-06
0.8654340369788907 9.606808692552704e-06
0.8653240402787916 9.99108103805213e-06
0.8641840744777657 9.99108103805213e-06
0.8626041218763437 9.606808690776347e-06
0.8622941311760647 9.222536343500565e-06
0.8617141485755427 9.222536343500565e-06
0.8616741497755067 9.222536343500565e-06
0.8613441596752097 9.606808690776347e-06
0.8611841644750657 9.606808690776347e-06
0.8607441776746697 1.806080033794899e-05
0.8607341779746608 1.6907983296121643e-05
0.8601741947741568 9.606808692552704e-06
0.8601041968740938 9.99108103805213e-06
0.8590142295731128 9.606808690776347e-06
0.8587242382728518 9.606808692552704e-06
0.8585842424727258 9.606808690776347e-06
0.8582942511724648 1.6907983296121643e-05
0.8577442676719699 1.7292255645173782e-05
0.8570342889713308 9.991081039828487e-06
0.8568942931712049 9.606808690776347e-06
0.8562843114706559 1.6907983296121643e-05
0.8557143285701428 1.0375353385327912e-05
0.8557143285701428 9.606808692552704e-06
0.8556143315700528 9.606808692552704e-06
0.8555943321700349 9.991081039828487e-06
0.8555443336699899 1.460234921069059e-05
0.8554243372698819 9.99108103805213e-06
0.8546343609691709 9.991081039828487e-06
0.854594362169135 9.222536343500565e-06
0.854364369068928 1.498662155974273e-05
0.8542343729688109 9.606808692552704e-06
0.8541443756687299 9.606808690776347e-06
0.8535843924682259 1.7292255643397425e-05
0.853194404167875 1.7676527990673208e-05
0.853034408967731 1.8829345034276912e-05
0.852704418867434 1.7292255645173782e-05
0.8524944251672449 1.8060800339725347e-05
0.852404427867164 1.9213617381552694e-05
0.852284431467056 1.9597889730604834e-05
0.851514454566363 2.075070677243218e-05
0.851354459366219 1.806080033794899e-05
0.8504844854654361 9.99108103805213e-06
0.849994500164995 9.606808692552704e-06
0.8493145205643831 9.606808690776347e-06
0.8486845394638161 9.99108103805213e-06
0.8483145505634831 9.606808690776347e-06
0.8482045538633841 9.99108103805213e-06
0.8477845664630062 9.606808690776347e-06
0.8472245832625022 9.606808692552704e-06
0.8465746027619171 1.652371094884586e-05
0.8462146135615931 1.6907983296121643e-05
0.8460846174614761 9.606808690776347e-06
0.8453746387608372 9.606808692552704e-06
0.8439146825595232 9.222536343500565e-06
0.8439046828595143 9.991081039828487e-06
0.8437046888593343 9.222536343500565e-06
0.8434846954591362 9.222536345276922e-06
0.8427347179584612 1.5755166252517938e-05
0.8426447206583803 1.5755166254294295e-05
0.8417547473575793 9.991081039828487e-06
0.8414447566573002 9.991081039828487e-06
0.8410847674569762 1.7292255643397425e-05
0.8408547743567693 9.222536343500565e-06
0.8403447896563103 9.222536343500565e-06
0.8391348259552214 9.606808690776347e-06
0.8390548283551493 9.606808690776347e-06
0.8379648610541683 1.0375353387104269e-05
0.8378748637540874 9.606808690776347e-06
0.8377348679539613 1.0375353387104269e-05
0.8377048688539344 9.606808690776347e-06
0.8371848844534664 9.606808692552704e-06
0.8366948991530254 9.606808692552704e-06
0.8357449276521705 9.606808690776347e-06
0.8356549303520895 9.606808690776347e-06
0.8356449306520805 9.222536343500565e-06
0.8343649690509285 1.1528170428931617e-05
0.8334749957501275 9.606808690776347e-06
0.8332650020499385 9.222536343500565e-06
0.8328950131496055 1.2680987472535321e-05
0.8328950131496055 9.222536343500565e-06
0.8319950401487956 9.606808692552704e-06
0.8317550473485795 9.222536343500565e-06
0.8316350509484716 9.606808690776347e-06
0.8309650710478685 9.606808692552704e-06
0.8305750827475176 9.606808690776347e-06
0.8300750977470676 1.652371094884586e-05
0.8296851094467166 1.8829345034276912e-05
0.8295451136465906 1.9213617381552694e-05
0.8290251292461226 1.7292255643397425e-05
0.8275851724448267 1.6907983297898e-05
0.8275551733447997 9.606808690776347e-06
0.8275251742447727 1.5755166252517938e-05
0.8272251832445027 9.606808690776347e-06
0.8265852024439266 9.99108103805213e-06
0.8258852234432967 9.606808692552704e-06
0.8241952741417757 9.606808690776347e-06
0.8237252882413527 9.606808690776347e-06
0.8233852984410468 9.606808692552704e-06
0.8221353359399218 9.99108103805213e-06
0.8220153395398138 9.99108103805213e-06
0.8219653410397688 9.606808690776347e-06
0.8213453596392108 9.606808692552704e-06
0.8212853614391569 9.606808690776347e-06
0.8212053638390848 9.606808692552704e-06
0.8205253842384729 9.606808692552704e-06
0.8203853884383469 9.606808690776347e-06
0.8203853884383469 9.606808692552704e-06
0.8200753977380678 9.606808690776347e-06
0.8196754097377079 9.606808690776347e-06
0.8195554133375998 9.99108103805213e-06
0.8191954241372759 9.99108103805213e-06
0.8185354439366819 9.991081039828487e-06
0.8184354469365919 1.8829345034276912e-05
0.8179854604361869 1.8829345034276912e-05
0.8169854904352869 1.6907983296121643e-05
0.816835494935152 1.8060800339725347e-05
0.816475505734828 1.844507268700113e-05
0.8164355069347919 1.844507268700113e-05
0.8164255072347829 1.806080033794899e-05
0.815985520434387 1.652371094884586e-05
0.815085547433577 2.113497912148432e-05
0.814445566633001 1.9213617381552694e-05
0.814105576832695 9.991081039828487e-06
0.8137855864324071 9.991081039828487e-06
0.8123356299311021 9.991081039828487e-06
0.8119356419307421 1.6907983296121643e-05
0.8116856494305171 1.1528170428931617e-05
0.8109156725298241 9.606808690776347e-06
0.8095957121286361 1.7676527990673208e-05
0.8092657220283391 1.921361738332905e-05
0.8089857304280872 1.6907983296121643e-05
0.8087257382278532 2.843615372505326e-05
0.8086357409277721 9.222536343500565e-06
0.8080757577272681 1.7676527992449564e-05
0.8077357679269622 1.7676527992449564e-05
0.8077257682269532 1.8060800339725347e-05
0.8077157685269442 1.7676527990673208e-05
0.8077157685269442 1.844507268700113e-05
0.8073357799266022 1.9213617381552694e-05
0.8064158075257742 1.8829345034276912e-05
0.8063458096257112 1.7292255643397425e-05
0.8047158585242443 9.606808690776347e-06
0.8046158615241543 9.606808692552704e-06
0.8043458696239113 9.222536343500565e-06
0.8040258792236233 9.606808690776347e-06
0.8038658840234792 9.606808690776347e-06
0.8038658840234792 9.222536343500565e-06
0.8037658870233892 9.222536343500565e-06
0.8036658900232994 9.606808690776347e-06
0.8034258972230833 9.606808690776347e-06
0.8030259092227233 9.222536343500565e-06
0.8026259212223633 9.606808692552704e-06
0.8023159305220844 9.606808690776347e-06
0.8020959371218863 9.606808692552704e-06
0.8018959431217063 9.99108103805213e-06
0.8017959461216163 9.606808690776347e-06
0.8007559773206804 1.0375353385327912e-05
0.8006359809205724 1.0759625732603695e-05
0.8002259932202034 9.991081039828487e-06
0.8000759977200684 1.0375353385327912e-05
0.7977960661180165 9.99108103805213e-06
0.7966661000169994 9.606808690776347e-06
0.7964661060168194 9.99108103805213e-06
0.7962161135165945 9.606808690776347e-06
0.7957361279161626 9.222536343500565e-06
0.7955561333160005 9.606808692552704e-06
0.7953761387158386 9.222536343500565e-06
0.7952861414157575 9.606808690776347e-06
0.7947561573152805 9.606808692552704e-06
0.7944761657150285 9.606808690776347e-06
0.7941661750147495 9.606808690776347e-06
0.7938661840144796 9.606808690776347e-06
0.7931462056138315 9.99108103805213e-06
0.7915862524124276 9.99108103805213e-06
0.7915862524124276 1.2680987472535321e-05
0.7908462746117616 9.606808690776347e-06
0.7907462776116716 1.652371094884586e-05
0.7899663010109697 9.99108103805213e-06
0.7892263232103037 9.606808690776347e-06
0.7890863274101777 9.222536343500565e-06
0.7871563853084408 1.1143898081655834e-05
0.7858964231073068 1.921361738332905e-05
0.7858764237072888 1.7292255645173782e-05
0.7847964561063168 1.7676527992449564e-05
0.7846264612061639 1.882934503605327e-05
0.7840464786056418 1.7676527990673208e-05
0.7839964801055969 1.7292255643397425e-05
0.7832265032049038 1.652371094884586e-05
0.7824265272041838 9.99108103805213e-06
0.7822965311040668 9.606808690776347e-06
0.7819965401037969 1.0759625734380052e-05
0.7818765437036889 9.606808690776347e-06
0.7816865494035179 1.0375353387104269e-05
0.7809865704028879 1.4218076863414808e-05
0.7808665740027799 1.1912442777983756e-05
0.780776576702699 1.9597889730604834e-05
0.780516584502465 1.844507268700113e-05
0.780486585402438 1.921361738332905e-05
0.780446586602402 1.9213617381552694e-05
0.7800065998020059 1.6907983296121643e-05
0.779596612101637 9.606808690776347e-06
0.7795066148015559 9.606808690776347e-06
0.779256622301331 9.99108103805213e-06
0.779036628901133 9.99108103805213e-06
0.779026629201124 9.606808690776347e-06
0.77886663400098 9.222536343500565e-06
0.777826665200044 9.222536343500565e-06
0.777276681699549 9.606808690776347e-06
0.776016719498415 9.606808692552704e-06
0.7755067347979561 1.844507268700113e-05
0.7753867383978481 1.844507268700113e-05
0.7746267611971641 9.606808690776347e-06
0.7745767626971191 9.606808690776347e-06
0.7743367698969031 9.606808690776347e-06
0.7742867713968581 9.991081039828487e-06
0.7733068007959761 9.606808690776347e-06
0.7730668079957601 1.6907983296121643e-05
0.7728468145955621 1.5370893907018512e-05
0.7723368298951031 1.806080033794899e-05
0.7719568412947612 1.8060800339725347e-05
0.7718168454946351 1.0375353387104269e-05
0.7712168634940951 1.6907983296121643e-05
0.7701668949931502 1.7292255643397425e-05
0.7694869153925382 9.222536343500565e-06
0.7684569462916112 1.6907983297898e-05
0.7678369648910532 9.99108103805213e-06
0.7674969750907473 9.99108103805213e-06
0.7672969810905673 9.222536343500565e-06
0.7665370038898833 9.606808690776347e-06
0.7662470125896224 9.606808690776347e-06
0.7661770146895593 9.222536343500565e-06
0.7659770206893793 9.606808690776347e-06
0.7653370398888033 9.222536343500565e-06
0.7653370398888033 9.222536343500565e-06
0.7652470425887223 9.606808690776347e-06
0.7650770476885693 9.606808690776347e-06
0.7638670839874804 9.99108103805213e-06
0.7633670989870304 9.606808690776347e-06
0.7631471055868324 9.606808690776347e-06
0.7624171274861754 9.606808690776347e-06
0.7622871313860584 9.606808692552704e-06
0.7620471385858424 9.606808690776347e-06
0.7618871433856984 9.222536343500565e-06
0.7615771526854195 9.606808690776347e-06
0.7613371598852035 9.606808690776347e-06
0.7610571682849514 9.606808692552704e-06
0.7603971880843575 9.222536343500565e-06
0.7587472375828725 1.0375353385327912e-05
0.7584072477825665 1.0375353387104269e-05
0.7583472495825125 1.1143898081655834e-05
0.7579772606821795 9.222536343500565e-06
0.7577672669819906 9.606808690776347e-06
0.7566772996810096 1.9213617381552694e-05
0.7563473095807126 1.8829345034276912e-05
0.7558373248802536 1.0375353385327912e-05
0.7553773386798396 1.9213617381552694e-05
0.7548173554793356 9.99108103805213e-06
0.7547473575792726 9.99108103805213e-06
0.7541073767786967 2.075070677243218e-05
0.7534173974780757 1.8060800339725347e-05
0.7531474055778327 1.7676527990673208e-05
0.7531074067777966 1.9597889728828477e-05
0.7530074097777066 1.7676527992449564e-05
0.7526874193774187 1.8060800339725347e-05
0.7513674589762307 1.921361738332905e-05
0.7504974850754478 9.606808690776347e-06
0.7503774886753397 9.99108103805213e-06
0.7503474895753127 9.606808690776347e-06
0.7499375018749438 9.606808690776347e-06
0.7497075087747368 9.606808692552704e-06
0.7482775516734498 9.99108103805213e-06
0.7475675729728108 1.8060800339725347e-05
0.7474675759727208 1.7292255643397425e-05
0.7461876143715689 1.5755166254294295e-05
0.7461576152715419 1.498662155974273e-05
0.7460376188714338 1.5370893907018512e-05
0.7459876203713889 1.5370893905242156e-05
0.7454376368708939 1.613943859979372e-05
0.7449376518704439 1.5370893907018512e-05
0.7449276521704349 1.4986621557966373e-05
0.7447276581702549 1.0375353387104269e-05
0.7444576662700119 1.6907983296121643e-05
0.7444276671699849 1.4986621557966373e-05
0.7440776776696699 9.99108103805213e-06
0.743427697169085 9.606808690776347e-06
0.742167734967951 9.606808690776347e-06
0.741517754467366 9.606808692552704e-06
0.741047768566943 9.606808690776347e-06
0.740457786266412 9.222536345276922e-06
0.740227793166205 1.0375353385327912e-05
0.739867803965881 1.0375353387104269e-05
0.7396778096657101 9.99108103805213e-06
0.739337819865404 9.606808690776347e-06
0.739007829765107 9.222536343500565e-06
0.7389278321650351 9.222536343500565e-06
0.738897833065008 9.606808690776347e-06
0.7385278441646751 9.222536343500565e-06
0.7364479065628031 9.606808690776347e-06
0.7363579092627222 9.606808690776347e-06
0.7356679299621012 1.1143898081655834e-05
0.7355879323620291 9.991081039828487e-06
0.7353779386618401 9.99108103805213e-06
0.7353179404617861 9.606808692552704e-06
0.7351679449616512 9.99108103805213e-06
0.7338779836604902 9.606808690776347e-06
0.7332180034598962 9.606808690776347e-06
0.7330780076597702 9.606808690776347e-06
0.7330480085597432 9.606808690776347e-06
0.7330380088597342 9.606808692552704e-06
0.7319980400587982 2.1134979119707964e-05
0.7318280451586452 1.6907983296121643e-05
0.7307580772576823 9.606808692552704e-06
0.7296681099567013 9.606808690776347e-06
0.7295381138565843 9.606808690776347e-06
0.7294481165565033 9.222536343500565e-06
0.7289081327560173 9.606808690776347e-06
0.7287981360559184 9.606808690776347e-06
0.7287281381558554 1.2680987472535321e-05
0.7283981480555584 9.606808690776347e-06
0.7282681519554414 9.99108103805213e-06
0.7281981540553784 1.3065259819811104e-05
0.7280881573552793 9.606808690776347e-06
0.7273781786546404 9.99108103805213e-06
0.7268381948541544 1.5370893905242156e-05
0.7265882023539294 9.222536343500565e-06
0.7264982050538484 9.99108103805213e-06
0.7264682059538213 9.606808690776347e-06
0.7262682119536414 9.991081039828487e-06
0.7258382248532544 9.606808690776347e-06
0.7253182404527864 9.991081039828487e-06
0.7244382668519944 1.1143898083432191e-05
0.7243082707518774 9.99108103805213e-06
0.7240182794516165 1.652371094884586e-05
0.7239082827515174 9.99108103805213e-06
0.7230283091507255 9.606808690776347e-06
0.7229583112506625 9.222536345276922e-06
0.7227283181504555 9.606808692552704e-06
0.7226683199504015 9.606808692552704e-06
0.7220483385498435 9.606808690776347e-06
0.7219883403497895 9.606808690776347e-06
0.7218083457496275 9.606808690776347e-06
0.7214783556493305 1.2296715125259539e-05
0.7210283691489255 9.222536343500565e-06
0.7197084087477376 9.99108103805213e-06
0.7194884153475396 9.222536343500565e-06
0.7191084267471975 9.99108103805213e-06
0.7189684309470716 9.606808690776347e-06
0.7187084387468375 9.222536343500565e-06
0.7186684399468016 9.606808690776347e-06
0.7186184414467566 9.606808690776347e-06
0.7185184444466666 9.222536343500565e-06
0.7185184444466666 9.606808690776347e-06
0.7173584792456227 1.498662155974273e-05
0.7171384858454246 1.5370893905242156e-05
0.7171284861454157 1.5370893905242156e-05
0.7162285131446057 1.9597889728828477e-05
0.7161085167444977 1.921361738332905e-05
0.7149285521434356 9.222536343500565e-06
0.7149285521434356 9.606808690776347e-06
0.7139985800425988 9.606808690776347e-06
0.7134585962421127 1.6907983296121643e-05
0.7134385968420948 1.8829345034276912e-05
0.7133186004419867 1.7292255643397425e-05
0.7126086217413478 1.6907983296121643e-05
0.7116786496405108 1.8829345034276912e-05
0.7116186514404568 1.7676527992449564e-05
0.7114786556403307 1.844507268700113e-05
0.7112286631401058 9.99108103805213e-06
0.7102886913392599 9.606808690776347e-06
0.7082687519374419 1.6139438601570077e-05
0.7082687519374419 1.613943859979372e-05
0.7076187714368569 9.222536343500565e-06
0.7075687729368119 9.606808690776347e-06
0.7066588002359929 9.99108103805213e-06
0.7065588032359029 9.606808690776347e-06
0.705878823635291 9.606808690776347e-06
0.7055588332350029 9.222536343500565e-06
0.705058848234553 9.222536343500565e-06
0.70498885033449 9.606808690776347e-06
0.704598862034139 9.606808690776347e-06
0.704418867433977 9.606808690776347e-06
0.7039788806335809 9.606808690776347e-06
0.703148905532834 9.606808690776347e-06
0.702708918732438 1.5755166252517938e-05
0.702568922932312 1.5755166254294295e-05
0.702408927732168 9.99108103805213e-06
0.70218893433197 9.606808690776347e-06
0.7019689409317721 9.222536343500565e-06
0.7015389538313851 9.606808690776347e-06
0.701458956231313 9.991081039828487e-06
0.7009989700308991 9.222536343500565e-06
0.7004389868303951 9.606808690776347e-06
0.7001489955301341 9.991081039828487e-06
0.6991690249292521 9.606808692552704e-06
0.6982490525284242 1.7676527990673208e-05
0.6981790546283612 1.8060800339725347e-05
0.6978490645280642 1.7292255643397425e-05
0.6974890753277402 1.7676527992449564e-05
0.6974390768276951 1.8060800339725347e-05
0.6974090777276681 1.844507268700113e-05
0.6963291101266962 9.606808692552704e-06
0.6962891113266602 9.606808690776347e-06
0.6960991170264892 9.606808690776347e-06
0.6958591242262732 9.606808690776347e-06
0.6953891383258503 9.606808692552704e-06
0.6951391458256252 9.606808690776347e-06
0.6947591572252833 1.5755166254294295e-05
0.6946791596252112 1.652371094884586e-05
0.6942491725248242 9.606808690776347e-06
0.6940991770246893 9.606808690776347e-06
0.6940591782246532 9.606808690776347e-06
0.6936391908242753 9.991081039828487e-06
0.6935491935241943 9.606808692552704e-06
0.6933391998240053 1.844507268700113e-05
0.6920992370228893 9.606808690776347e-06
0.6916492505224843 9.99108103805213e-06
0.6911092667219983 1.7676527992449564e-05
0.6908592742217734 2.1519251466983746e-05
0.6905892823215304 1.8829345034276912e-05
0.6902292931212064 1.7676527990673208e-05
0.6900892973210804 1.7676527992449564e-05
0.6895993120206394 1.8060800339725347e-05
0.6893293201203964 1.844507268700113e-05
0.6890993270201894 1.6907983296121643e-05
0.6889093327200184 1.652371094884586e-05
0.6880493585192444 1.6907983297898e-05
0.6879393618191454 1.652371094884586e-05
0.6879093627191184 1.7676527992449564e-05
0.6874793756187314 1.652371094884586e-05
0.6869093927182185 9.606808690776347e-06
0.6865494035178945 9.99108103805213e-06
0.6855394338169855 9.606808690776347e-06
0.6850994470165895 1.6907983296121643e-05
0.6844794656160316 1.6523710947069503e-05
0.6843394698159055 1.6907983296121643e-05
0.6843394698159055 1.7292255643397425e-05
0.6833794986150415 9.99108103805213e-06
0.6830295091147266 1.7676527990673208e-05
0.6826395208143756 9.606808690776347e-06
0.6814195574132776 9.606808690776347e-06
0.6807995760127196 9.606808690776347e-06
0.6806795796126116 9.606808690776347e-06
0.6804495865124046 9.606808690776347e-06
0.6802895913122606 9.222536343500565e-06
0.6802595922122336 9.606808690776347e-06
0.6802395928122157 9.606808690776347e-06
0.6801595952121436 1.652371094884586e-05
0.6799496015119546 9.606808690776347e-06
0.6798596042118736 9.606808690776347e-06
0.6789496315110547 3.6121600679450694e-05
0.6784196474105777 9.606808690776347e-06
0.6781296561103167 9.606808690776347e-06
0.6772396828095157 1.6907983297898e-05
0.6768996930092097 1.8060800339725347e-05
0.6766896993090207 1.7292255645173782e-05
0.6763497095087148 1.5755166254294295e-05
0.6761297161085168 2.03664344251564e-05
0.6759697209083727 1.921361738332905e-05
0.6758797236082917 1.8060800339725347e-05
0.6738497845064648 1.844507268700113e-05
0.6737997860064198 1.5755166254294295e-05
0.6727498175054748 1.921361738332905e-05
0.6727398178054659 1.7676527992449564e-05
0.6720198394048179 1.8829345034276912e-05
0.6718498445046649 1.8060800339725347e-05
0.6717798466046019 1.8060800339725347e-05
0.6715698529044128 1.19124427762074e-05
0.6715598532044039 9.991081039828487e-06
0.6711198664040079 1.7292255643397425e-05
0.6700998970030899 1.7292255643397425e-05
0.6697299081027569 9.606808690776347e-06
0.6696899093027209 8.838263996224782e-06
0.6691099267021989 1.652371094884586e-05
0.668719938401848 1.6907983296121643e-05
0.668429947101587 9.606808692552704e-06
0.668129956101317 9.606808690776347e-06
0.668029959101227 9.606808690776347e-06
0.667929962101137 9.606808690776347e-06
0.667729968100957 1.4986621557966373e-05
0.667139985800426 1.652371094884586e-05
0.666739997800066 1.5370893907018512e-05
0.6664300070997871 1.6907983296121643e-05
0.666180014599562 1.6907983296121643e-05
0.666030019099427 1.652371094884586e-05
0.665990020299391 1.6907983296121643e-05
0.6656400307990761 1.6907983296121643e-05
0.664670059898203 9.99108103805213e-06
0.6646400607981761 9.606808690776347e-06
0.664140075797726 9.606808690776347e-06
0.6627101186964391 9.606808690776347e-06
0.6625701228963131 9.606808692552704e-06
0.6605801825945221 9.606808690776347e-06
0.6601301960941172 9.99108103805213e-06
0.6600301990940272 9.606808690776347e-06
0.6598102056938292 9.606808692552704e-06
0.6598002059938202 9.606808690776347e-06
0.6595102146935592 9.99108103805213e-06
0.6592202233932982 9.606808692552704e-06
0.6586202413927582 9.222536343500565e-06
0.6585302440926772 9.222536343500565e-06
0.6584302470925872 9.222536343500565e-06
0.6570802875913723 9.606808690776347e-06
0.6564503064908053 9.99108103805213e-06
0.6557403277901663 9.991081039828487e-06
0.6552003439896803 9.606808690776347e-06
0.6536903892883213 1.498662155974273e-05
0.6528404147875564 9.991081039828487e-06
0.6526904192874213 1.613943859979372e-05
0.6517804465866024 1.1528170428931617e-05
0.6512704618861435 9.606808690776347e-06
0.6506104816855495 9.222536343500565e-06
0.6496005119846404 9.606808690776347e-06
0.6488505344839655 9.606808690776347e-06
0.6488505344839655 9.606808690776347e-06
0.6473005809825705 1.498662155974273e-05
0.6470605881823546 1.498662155974273e-05
0.6470105896823095 1.5755166252517938e-05
0.6453506394808156 1.460234921069059e-05
0.6442706718798437 9.222536343500565e-06
0.6442206733797986 1.3833804514362669e-05
0.6434706958791236 9.606808690776347e-06
0.6430207093787187 2.03664344251564e-05
0.6428907132786016 1.7292255643397425e-05
0.6428007159785206 9.99108103805213e-06
0.6416507504774857 9.99108103805213e-06
0.6409907702768917 1.3449532167086886e-05
0.6405707828765137 9.606808690776347e-06
0.6403107906762797 9.606808690776347e-06
0.6396108116756497 9.606808690776347e-06
0.6393408197754067 9.991081039828487e-06
0.6383608491745247 9.222536343500565e-06
0.6383508494745158 9.222536343500565e-06
0.6378108656740298 1.2680987472535321e-05
0.6374108776736698 9.606808690776347e-06
0.6373808785736428 9.606808690776347e-06
0.6369508914732558 1.7676527992449564e-05
0.6364309070727878 9.606808690776347e-06
0.6355909322720319 9.99108103805213e-06
0.6354209373718789 9.606808690776347e-06
0.6341709748707539 9.222536343500565e-06
0.6335909922702319 9.222536343500565e-06
0.633321000369989 9.222536343500565e-06
0.6330410087697369 9.222536343500565e-06
0.6328710138695839 9.222536343500565e-06
0.6322510324690259 1.7676527990673208e-05
0.632131036068918 1.9213617381552694e-05
0.631731048068558 1.9213617381552694e-05
0.6308910732678019 9.606808690776347e-06
0.63051108466746 9.606808690776347e-06
0.629991100266992 1.5370893905242156e-05
0.629731108066758 9.606808690776347e-06
0.629431117066488 1.7676527992449564e-05
0.628591142265732 9.222536343500565e-06
0.628471145865624 8.838263996224782e-06
0.627741167764967 9.222536343500565e-06
0.627651170464886 9.99108103805213e-06
0.6273211803645891 9.606808690776347e-06
0.6270011899643011 9.222536343500565e-06
0.626551203463896 8.838263994448425e-06
0.626551203463896 9.606808690776347e-06
0.6265112046638601 9.606808690776347e-06
0.6262512124636261 9.606808692552704e-06
0.6262012139635811 9.606808690776347e-06
0.6255712328630141 1.6907983296121643e-05
0.6254712358629241 9.606808690776347e-06
0.6249912502624921 9.606808692552704e-06
0.6244412667619972 9.222536343500565e-06
0.6241812745617632 9.606808690776347e-06
0.6238912832615021 9.99108103805213e-06
0.6233712988610342 9.222536343500565e-06
0.6221913342599722 9.606808690776347e-06
0.6220213393598192 9.222536343500565e-06
0.6217713468595942 9.606808692552704e-06
0.6215813525594233 2.267206851058745e-05
0.6211113666590002 1.652371094884586e-05
0.6206513804585863 1.6139438601570077e-05
0.6206013819585412 1.6907983297898e-05
0.6204813855584332 9.606808692552704e-06
0.6203613891583253 9.991081039828487e-06
0.6200813975580732 9.606808690776347e-06
0.6194914152575423 9.606808690776347e-06
0.6192714218573443 8.838263996224782e-06
0.6183714488565343 1.7676527992449564e-05
0.6183314500564983 1.5370893905242156e-05
0.6181814545563633 9.99108103805213e-06
0.6180014599562013 1.5755166254294295e-05
0.6176014719558414 1.8060800339725347e-05
0.6175214743557693 1.6139438601570077e-05
0.6173514794556163 1.652371094884586e-05
0.6173014809555714 1.7676527990673208e-05
0.6158315250542483 1.7292255643397425e-05
0.6153115406537804 1.6907983296121643e-05
0.6146715598532044 9.606808690776347e-06
0.6146615601531954 9.606808690776347e-06
0.6144315670529884 1.1143898081655834e-05
0.6143415697529074 9.222536343500565e-06
0.6141115766527004 9.606808692552704e-06
0.6140515784526465 9.606808690776347e-06
0.6137315880523584 9.606808692552704e-06
0.6137115886523404 9.606808690776347e-06
0.6135315940521784 9.222536343500565e-06
0.6133316000519985 9.222536343500565e-06
0.6132316030519085 9.222536343500565e-06
0.6131816045518634 9.606808690776347e-06
0.6131116066518004 9.222536343500565e-06
0.6128316150515485 1.5370893905242156e-05
0.6119916402507924 9.606808690776347e-06
0.6115616531504054 9.99108103805213e-06
0.6111416657500275 1.7292255643397425e-05
0.6107316780496586 9.606808690776347e-06
0.6087217383478496 1.8829345034276912e-05
0.6086617401477956 1.844507268700113e-05
0.6084117476475706 1.7676527992449564e-05
0.6082217533473996 1.9597889730604834e-05
0.6081017569472916 9.99108103805213e-06
0.6062618121456357 1.8060800339725347e-05
0.6061818145455636 9.606808690776347e-06
0.6061218163455097 9.606808690776347e-06
0.6043318700438987 9.222536343500565e-06
0.6039518814435567 9.606808692552704e-06
0.6034718958431247 9.222536343500565e-06
0.6030919072427827 9.606808692552704e-06
0.6030719078427648 9.991081039828487e-06
0.6030419087427377 9.606808690776347e-06
0.6028719138425848 9.222536343500565e-06
0.6027919162425127 9.222536343500565e-06
0.6009719708408747 1.460234921069059e-05
0.6008319750407488 9.606808690776347e-06
0.5993320200393988 9.222536343500565e-06
0.5990520284391468 9.606808692552704e-06
0.5982220533383998 1.0375353385327912e-05
0.5976720698379049 9.991081039828487e-06
0.5964521064368069 1.844507268700113e-05
0.5963921082367529 9.606808690776347e-06
0.5962921112366629 9.606808692552704e-06
0.5958821235362939 1.0375353387104269e-05
0.595312140635781 1.7292255643397425e-05
0.5952221433356999 9.606808692552704e-06
0.595182144535664 9.222536343500565e-06
0.5950521484355469 9.606808690776347e-06
0.5948921532354029 1.882934503605327e-05
0.5939421817345479 1.6907983296121643e-05
0.5936121916342509 1.8060800339725347e-05
0.5934121976340709 1.4986621557966373e-05
0.592852214433567 1.4986621557966373e-05
0.592582222533324 1.7292255645173782e-05
0.592452226433207 1.5755166252517938e-05
0.592412227633171 1.5370893905242156e-05
0.591902242932712 1.4986621557966373e-05
0.5918622441326761 1.5755166254294295e-05
0.591182264532064 1.6907983296121643e-05
0.590992270231893 1.2296715125259539e-05
0.5899123026309211 9.606808690776347e-06
0.5888423347299581 9.222536343500565e-06
0.5878923632291031 9.606808690776347e-06
0.5878723638290851 9.99108103805213e-06
0.5877223683289501 9.606808690776347e-06
0.5871723848284551 9.222536343500565e-06
0.5870823875283742 9.606808690776347e-06
0.5867323980280592 1.1143898081655834e-05
0.5867323980280592 9.606808690776347e-06
0.5864424067277981 9.606808690776347e-06
0.5862224133276002 9.222536343500565e-06
0.5860024199274022 9.991081039828487e-06
0.5851324460266192 1.3449532168863243e-05
0.5847424577262682 9.991081039828487e-06
0.5846024619261422 9.991081039828487e-06
0.5844124676259712 9.222536343500565e-06
0.5837024889253323 1.4218076863414808e-05
0.5830825075247743 9.991081039828487e-06
0.5829325120246392 9.606808692552704e-06
0.5807625771226863 1.460234921069059e-05
0.5807425777226684 1.5370893905242156e-05
0.5793626191214264 1.4218076863414808e-05
0.5793126206213813 1.498662155974273e-05
0.5790026299211024 1.4986621557966373e-05
0.5789526314210574 1.5370893905242156e-05
0.5786526404207873 1.4218076863414808e-05
0.5786526404207873 1.4218076863414808e-05
0.5786226413207604 1.460234921069059e-05
0.5785526434206973 1.460234921069059e-05
0.5782026539203824 1.4218076861638451e-05
0.5776326710198694 1.4986621557966373e-05
0.5769126926192214 9.606808692552704e-06
0.5764027079187625 9.99108103805213e-06
0.5748227553173405 1.5370893907018512e-05
0.5747727568172954 1.652371094884586e-05
0.5744827655170345 9.99108103805213e-06
0.5736427907162786 1.460234921069059e-05
0.5736327910162695 1.4218076861638451e-05
0.5729228123156306 1.5755166254294295e-05
0.5728428147155585 1.6907983296121643e-05
0.5727328180154595 1.652371094884586e-05
0.5715428537143886 1.7292255643397425e-05
0.5714128576142715 9.606808690776347e-06
0.5711428657140286 1.5370893905242156e-05
0.5700728978130656 9.606808690776347e-06
0.5699929002129936 9.222536343500565e-06
0.5695729128126156 9.99108103805213e-06
0.5692429227123186 9.222536343500565e-06
0.5690429287121387 9.222536343500565e-06
0.5688029359119227 9.606808690776347e-06
0.5685629431117066 9.222536343500565e-06
0.5677829665110047 9.222536343500565e-06
0.5669129926102217 1.6907983296121643e-05
0.5669129926102217 1.652371094884586e-05
0.5668929932102037 1.652371094884586e-05
0.5666729998100057 9.606808690776347e-06
0.5666630001099967 9.222536343500565e-06
0.5656630301090967 9.606808690776347e-06
0.5655030349089527 9.99108103805213e-06
0.5653230403087908 9.606808690776347e-06
0.5651630451086468 9.222536343500565e-06
0.5642230733078007 9.606808690776347e-06
0.5641130766077018 9.606808690776347e-06
0.5631031069067928 1.652371094884586e-05
0.5628531144065678 1.5370893905242156e-05
0.5627331180064598 1.6907983296121643e-05
0.5618031459056229 1.5755166252517938e-05
0.5607531774046779 1.5755166252517938e-05
0.5604831855044349 1.921361738332905e-05
0.5594832155035349 9.99108103805213e-06
0.5589432317030489 9.606808690776347e-06
0.558683239502815 9.606808690776347e-06
0.5584732458026259 9.606808690776347e-06
0.5577132686019419 9.99108103805213e-06
0.557663270101897 9.606808692552704e-06
0.55723328300151 9.99108103805213e-06
0.557173284801456 9.606808690776347e-06
0.556583302500925 9.99108103805213e-06
0.556373308800736 9.99108103805213e-06
0.556123316300511 9.222536343500565e-06
0.555863324100277 1.0375353387104269e-05
0.5553333399998001 1.0759625732603695e-05
0.554913352599422 9.222536343500565e-06
0.554063378098657 9.222536343500565e-06
0.55403337899863 9.606808690776347e-06
0.553823385298441 9.222536343500565e-06
0.5536433906982791 9.606808690776347e-06
0.55363339099827 9.606808690776347e-06
0.5526634200973971 9.99108103805213e-06
0.5525234242972711 8.838263996224782e-06
0.552343429697109 9.222536343500565e-06
0.5521934341969741 1.2296715125259539e-05
0.5517834464966052 1.4218076861638451e-05
0.5516834494965152 1.7292255643397425e-05
0.5516134515964521 1.2296715123483182e-05
0.5515134545963621 9.991081039828487e-06
0.5514934551963441 9.222536343500565e-06
0.5514034578962631 1.2680987472535321e-05
0.5512634620961371 9.222536343500565e-06
0.5494235172944811 9.606808692552704e-06
0.5484335469935901 9.222536343500565e-06
0.5483735487935362 9.991081039828487e-06
0.5482235532934012 9.222536343500565e-06
0.5481735547933562 9.606808690776347e-06
0.5480335589932303 9.606808690776347e-06
0.5463136105916823 9.99108103805213e-06
0.5462036138915832 9.991081039828487e-06
0.5461536153915383 9.606808692552704e-06
0.5459036228913132 9.222536343500565e-06
0.5458536243912683 1.8060800339725347e-05
0.5458236252912413 9.606808690776347e-06
0.5455536333909983 9.222536343500565e-06
0.5454936351909443 9.606808692552704e-06
0.5454536363909083 9.606808690776347e-06
0.5452336429907103 1.5755166252517938e-05
0.5448936531904043 1.4218076861638451e-05
0.5441136765897023 1.613943859979372e-05
0.5438936831895043 1.8060800339725347e-05
0.5431737047888563 9.606808690776347e-06
0.5421237362879113 9.606808692552704e-06
0.5413337599872003 9.991081039828487e-06
0.5413037608871734 9.606808692552704e-06
0.5399738007859765 1.460234921069059e-05
0.5392838214853555 9.991081039828487e-06
0.5390338289851304 9.222536343500565e-06
0.5386638400847975 9.606808690776347e-06
0.5381038568842935 9.222536343500565e-06
0.5379838604841854 9.606808690776347e-06
0.5379638610841675 9.606808692552704e-06
0.5377338679839605 9.606808692552704e-06
0.5376938691839245 9.222536343500565e-06
0.5374838754837354 9.606808690776347e-06
0.5368638940831775 1.8060800339725347e-05
0.5361139165825025 9.606808690776347e-06
0.5358239252822415 9.606808690776347e-06
0.5355639330820076 9.606808690776347e-06
0.5353639390818276 9.222536343500565e-06
0.5350339489815306 9.606808692552704e-06
0.5348039558813236 9.991081039828487e-06
0.5343039708808736 9.222536343500565e-06
0.5321540353789387 1.7676527992449564e-05
0.5318640440786776 1.5370893907018512e-05
0.5318640440786776 1.5370893905242156e-05
0.5318240452786417 1.7292255643397425e-05
0.5305040848774537 1.6907983296121643e-05
0.5304540863774087 1.6523710947069503e-05
0.5303140905772826 1.5755166254294295e-05
0.5301540953771386 1.6139438601570077e-05
0.5298941031769047 1.6907983296121643e-05
0.5298341049768507 1.5370893905242156e-05
0.5297641070767877 1.4986621557966373e-05
0.5296941091767247 1.6907983296121643e-05
0.5294541163765087 1.6907983296121643e-05
0.5293741187764367 1.6907983296121643e-05
0.5291241262762117 1.844507268700113e-05
0.5287541373758787 9.991081039828487e-06
0.5281141565753027 9.99108103805213e-06
0.5279041628751138 9.606808690776347e-06
0.5277141685749428 1.6907983296121643e-05
0.5275141745747628 9.606808690776347e-06
0.5274241772746817 1.0759625734380052e-05
0.5270941871743847 9.606808690776347e-06
0.5266142015739528 9.606808692552704e-06
0.5265142045738628 9.991081039828487e-06
0.5262442126736198 9.991081039828487e-06
0.5260742177734667 9.606808692552704e-06
0.5253942381728548 1.8060800339725347e-05
0.5240442786716398 1.8829345034276912e-05
0.5237342879713609 1.8829345034276912e-05
0.5229343119706409 1.0375353385327912e-05
0.5212543623691289 9.606808690776347e-06
0.5197644070677879 1.652371094884586e-05
0.519394418167455 1.652371094884586e-05
0.518284451466456 9.606808690776347e-06
0.518164455066348 9.222536343500565e-06
0.518164455066348 9.222536343500565e-06
0.51814445566633 9.222536343500565e-06
0.518004459866204 9.991081039828487e-06
0.517834464966051 9.606808690776347e-06
0.51774446766597 9.606808690776347e-06
0.51754447366579 9.606808690776347e-06
0.5164945051648451 1.8060800339725347e-05
0.5161945141645751 1.6907983297898e-05
0.5160645180644581 1.19124427762074e-05
0.5149745507634771 9.606808692552704e-06
0.5149045528634141 1.4986621557966373e-05
0.5146445606631801 9.222536343500565e-06
0.5144245672629821 9.222536343500565e-06
0.5141045768626942 9.606808690776347e-06
0.5138045858624242 9.222536343500565e-06
0.5120046398608041 9.606808690776347e-06
0.5117046488605342 9.99108103805213e-06
0.5111746647600572 1.460234921069059e-05
0.5109146725598233 1.9982162077880616e-05
0.5107546773596792 1.652371094884586e-05
0.5106146815595533 1.6139438601570077e-05
0.5100246992590223 1.498662155974273e-05
0.5088647340579783 9.222536343500565e-06
0.5087247382578522 9.606808690776347e-06
0.5085647430577083 9.606808690776347e-06
0.5085147445576633 9.222536343500565e-06
0.5083547493575192 8.838263996224782e-06
0.5083447496575103 9.222536343500565e-06
0.5077747667569973 9.222536343500565e-06
0.5077747667569973 9.222536343500565e-06
0.5068647940561783 9.222536343500565e-06
0.5067947961561153 9.606808690776347e-06
0.5066248012559623 9.222536343500565e-06
0.5062448126556204 9.222536343500565e-06
0.5062448126556204 9.606808690776347e-06
0.5061448156555304 1.0375353387104269e-05
0.5059748207553774 9.222536343500565e-06
0.5059448216553504 9.222536343500565e-06
0.5054548363549094 9.222536343500565e-06
0.5053548393548194 1.0759625734380052e-05
0.5053548393548194 9.99108103805213e-06
0.5049848504544864 1.652371094884586e-05
0.5044248672539824 1.9213617381552694e-05
0.5040248792536224 1.6139438601570077e-05
0.5037348879533614 1.652371094884586e-05
0.5036348909532714 1.652371094884586e-05
0.5030849074527765 1.5370893905242156e-05
0.5026949191524255 1.6907983296121643e-05
0.5025249242522725 9.606808692552704e-06
0.5019049428517145 1.1528170428931617e-05
0.5009449716508505 9.222536343500565e-06
0.5005949821505354 9.606808690776347e-06
0.5003949881503554 9.606808690776347e-06
0.5001049968500945 9.606808690776347e-06
0.4997350079497615 9.606808692552704e-06
0.49896503104906853 9.222536343500565e-06
0.4988450346489605 9.222536343500565e-06
0.49880503584892455 1.1143898081655834e-05
0.4986950391488255 9.222536343500565e-06
0.4986450406487805 9.606808690776347e-06
0.4985150445486635 1.1143898081655834e-05
0.4981350559483215 9.99108103805213e-06
0.49799506014819556 9.222536343500565e-06
0.4975750727478176 9.222536343500565e-06
0.49711508654740355 1.6907983296121643e-05
0.4970250892473226 1.7676527990673208e-05
0.4961451156465306 1.652371094884586e-05
0.49551513454596363 9.222536343500565e-06
0.4954251372458826 9.222536343500565e-06
0.49536513904582863 9.606808692552704e-06
0.4952451426457206 9.222536345276922e-06
0.4951451456456306 9.991081039828487e-06
0.4949651510454686 1.1143898081655834e-05
0.49451516454506367 9.606808690776347e-06
0.4942851714448567 9.99108103805213e-06
0.49396518104456866 9.606808690776347e-06
0.4936251912442627 9.606808690776347e-06
0.49361519154425365 9.222536343500565e-06
0.4934651960441187 9.222536343500565e-06
0.49305520834374966 9.606808690776347e-06
0.4928952131436057 9.606808690776347e-06
0.4924152275431737 9.99108103805213e-06
0.4924152275431737 9.222536343500565e-06
0.4911852644420667 9.222536343500565e-06
0.49086527404177877 9.222536343500565e-06
0.49072527824165274 9.606808690776347e-06
0.49062528124156274 9.222536343500565e-06
0.4903052908412748 9.991081039828487e-06
0.49018529444116676 9.606808690776347e-06
0.49006529804105875 9.991081039828487e-06
0.4893653190404288 9.606808690776347e-06
0.48836534903952883 9.606808692552704e-06
0.48762537123886285 9.222536343500565e-06
0.48679539613811584 9.99108103805213e-06
0.48618541443756685 9.606808692552704e-06
0.48613541593752185 8.838263996224782e-06
0.4850954471365859 9.222536343500565e-06
0.4844654660360189 9.222536343500565e-06
0.48299551013469594 9.222536343500565e-06
0.482515524534264 9.606808690776347e-06
0.48202553923382296 9.606808690776347e-06
0.481905542833715 9.222536343500565e-06
0.481805545833625 9.222536343500565e-06
0.48175554733358 9.222536343500565e-06
0.481535553933382 9.606808690776347e-06
0.481415557533274 9.991081039828487e-06
0.481405557833265 9.222536343500565e-06
0.48113556593302204 9.222536343500565e-06
0.481105566832995 9.606808690776347e-06
0.48007559773206804 1.498662155974273e-05
0.47910562683119506 1.460234921069059e-05
0.4762057138285851 1.460234921069059e-05
0.47588572342829716 1.4986621557966373e-05
0.47583572492825216 1.4218076863414808e-05
0.4750857474275772 1.5370893905242156e-05
0.47469575912722617 9.991081039828487e-06
0.4744157675269742 9.222536343500565e-06
0.4743357699269022 9.222536343500565e-06
0.47277581672549823 9.606808690776347e-06
0.4705158845234643 1.7676527990673208e-05
0.4700758977230683 9.606808690776347e-06
0.4699159025229243 9.606808690776347e-06
0.46977590672279834 9.99108103805213e-06
0.46911592652220435 9.222536343500565e-06
0.4683959481215563 1.6907983297898e-05
0.4678159655210344 9.606808690776347e-06
0.4676859694209174 9.606808692552704e-06
0.4674159775206744 9.606808690776347e-06
0.4662960111196664 9.99108103805213e-06
0.4662260132196034 9.606808690776347e-06
0.4654060378188654 9.606808690776347e-06
0.46539603811885644 9.222536343500565e-06
0.46529604111876643 9.606808692552704e-06
0.46521604351869444 9.222536343500565e-06
0.46438606841794744 9.222536343500565e-06
0.4633061008169755 9.222536343500565e-06
0.4625761227163185 9.222536343500565e-06
0.46212613621591353 1.7292255645173782e-05
0.4616061518154455 9.606808692552704e-06
0.4615261542153735 9.606808690776347e-06
0.46108616741497754 9.222536343500565e-06
0.46087617371478856 1.0375353387104269e-05
0.46082617521474356 9.222536343500565e-06
0.45971620851374456 9.606808690776347e-06
0.4593862184134476 9.606808690776347e-06
0.4592062238132856 9.606808692552704e-06
0.45882623521294363 9.222536343500565e-06
0.4587562373128806 9.606808690776347e-06
0.4583362499125026 9.606808690776347e-06
0.4581062568122956 9.991081039828487e-06
0.45741627751167463 9.222536343500565e-06
0.45705628831135064 9.99108103805213e-06
0.4568862934111977 9.606808690776347e-06
0.45684629461116166 9.606808690776347e-06
0.4561863144105677 9.222536343500565e-06
0.45583632491025267 9.606808690776347e-06
0.4557363279101627 9.606808690776347e-06
0.4556063318100457 9.606808690776347e-06
0.45358639240822773 1.1143898081655834e-05
0.4522264332070038 1.3449532168863243e-05
0.4521064368068958 9.606808690776347e-06
0.4517264482065538 9.222536343500565e-06
0.45093647190584285 9.606808690776347e-06
0.45042648720538386 9.222536343500565e-06
0.45037648870533886 9.991081039828487e-06
0.45035648930532085 9.606808690776347e-06
0.4498665040048799 9.222536343500565e-06
0.44985650430487084 9.606808690776347e-06
0.44978650640480783 9.222536343500565e-06
0.4493065208043759 9.606808690776347e-06
0.44913652590422287 9.606808690776347e-06
0.4488465346039619 8.838263996224782e-06
0.44855654330370087 9.222536343500565e-06
0.4481265562033139 9.222536343500565e-06
0.4471965841024769 1.4986621557966373e-05
0.44718658440246795 1.498662155974273e-05
0.44688659340219794 9.606808692552704e-06
0.4467465976020719 9.606808690776347e-06
0.44599662010139696 9.222536343500565e-06
0.44589662310130695 9.606808690776347e-06
0.44554663360099195 9.606808690776347e-06
0.444796656100317 9.222536343500565e-06
0.444796656100317 9.222536343500565e-06
0.444396668099957 9.606808690776347e-06
0.444256672299831 8.838263996224782e-06
0.444076677699669 9.222536343500565e-06
0.44389668309950703 9.606808690776347e-06
0.443296701098967 9.606808690776347e-06
0.443216703498895 9.222536343500565e-06
0.44285671429857104 9.606808690776347e-06
0.44254672359829206 9.606808690776347e-06
0.4409467715968521 1.5370893907018512e-05
0.4407167784966451 9.991081039828487e-06
0.43996680099597013 9.606808690776347e-06
0.4393968180954571 1.806080033794899e-05
0.4380768576942692 1.7292255643397425e-05
0.4380268591942242 1.6907983296121643e-05
0.4371068867933962 1.6139438601570077e-05
0.4369368918932432 1.5370893905242156e-05
0.43569692909212726 1.498662155974273e-05
0.43497695069147924 1.5755166254294295e-05
0.43476695699129025 1.5370893905242156e-05
0.43440696779096627 1.882934503605327e-05
0.4340169794906153 1.460234921069059e-05
0.4339769806905793 1.5370893905242156e-05
0.4337669869903903 1.498662155974273e-05
0.4336569902902913 1.8829345034276912e-05
0.43250702478925634 1.4986621557966373e-05
0.4322970310890673 1.5370893905242156e-05
0.4321670349889503 1.4986621557966373e-05
0.4320170394888153 1.4986621557966373e-05
0.43162705118846434 1.4986621557966373e-05
0.43114706558803234 1.7292255643397425e-05
0.43111706648800535 1.7292255645173782e-05
0.43083707488775336 1.4986621557966373e-05
0.43060708178754636 1.4986621557966373e-05
0.43053708388748335 1.460234921069059e-05
0.43002709918702436 9.606808690776347e-06
0.4299271021869344 1.4218076863414808e-05
0.4290771276861694 1.460234921069059e-05
0.42844714658560246 9.606808690776347e-06
0.42844714658560246 9.606808692552704e-06
0.42839714808555746 9.222536343500565e-06
0.42834714958551245 9.606808690776347e-06
0.4281071567852964 9.606808690776347e-06
0.4280071597852064 9.991081039828487e-06
0.4275571732848015 9.606808690776347e-06
0.42738717838464846 9.222536343500565e-06
0.42614721558353247 1.5370893905242156e-05
0.4253272401827945 1.4986621557966373e-05
0.42479725608231755 9.606808690776347e-06
0.42469725908222755 9.606808690776347e-06
0.4245372638820835 9.222536343500565e-06
0.4229073127806166 9.222536343500565e-06
0.4228573142805716 9.222536343500565e-06
0.42056738297851065 9.606808690776347e-06
0.42033738987830366 1.6139438601570077e-05
0.42003739887803365 9.991081039828487e-06
0.41983740487785365 9.606808690776347e-06
0.4198174054778357 1.2680987472535321e-05
0.4190674279771607 9.606808690776347e-06
0.4189374318770437 9.222536343500565e-06
0.4182974510764677 9.606808690776347e-06
0.4182574522764317 9.222536343500565e-06
0.4179474615761527 9.222536343500565e-06
0.41722748317550473 9.222536343500565e-06
0.41623751287461375 9.222536343500565e-06
0.41613751587452374 9.606808690776347e-06
0.4153575392738218 9.99108103805213e-06
0.4148575542733718 9.606808692552704e-06
0.4147175584732458 1.7676527990673208e-05
0.41367758967230983 9.606808690776347e-06
0.4134075977720668 9.222536343500565e-06
0.4131276061718148 9.606808690776347e-06
0.41308760737177885 9.222536343500565e-06
0.41308760737177885 9.222536343500565e-06
0.41252762417127486 1.6907983296121643e-05
0.41204763857084287 1.0375353387104269e-05
0.4118376448706539 9.606808690776347e-06
0.4118076457706269 9.222536343500565e-06
0.41179764607061786 9.606808690776347e-06
0.4111876643700689 9.222536343500565e-06
0.41080767576972693 9.606808692552704e-06
0.4105076847694569 9.222536343500565e-06
0.40937771866843997 1.8060800339725347e-05
0.40923772286831395 1.652371094884586e-05
0.407467775966721 9.606808690776347e-06
0.406967790966271 9.222536343500565e-06
0.406967790966271 9.222536343500565e-06
0.406537803865884 9.606808690776347e-06
0.40644780656580304 1.844507268700113e-05
0.40639780806575804 9.606808690776347e-06
0.40604781856544303 1.4986621557966373e-05
0.40604781856544303 1.4602349208914234e-05
0.40522784316470506 1.6907983296121643e-05
0.4050878473645791 1.4986621557966373e-05
0.40489785306440806 1.652371094884586e-05
0.40487785366439005 1.652371094884586e-05
0.40464786056418306 1.6907983296121643e-05
0.40426787196384106 1.652371094884586e-05
0.4040978770636881 1.6907983296121643e-05
0.40403787886363407 1.460234921069059e-05
0.4040278791636251 1.4986621557966373e-05
0.4039678809635711 1.5755166252517938e-05
0.4038078857634271 1.652371094884586e-05
0.4036278911632651 1.652371094884586e-05
0.4035578932632021 1.6907983296121643e-05
0.4033578992630221 9.606808690776347e-06
0.40307790766277013 9.222536343500565e-06
0.4022779316620501 9.222536343500565e-06
0.40225793226203216 9.606808692552704e-06
0.4022279331620051 9.606808692552704e-06
0.40203793886183414 9.222536343500565e-06
0.40180794576162715 9.606808690776347e-06
0.4007279781606552 9.222536343500565e-06
0.39802805915822526 1.4986621557966373e-05
0.3973280801575953 9.606808690776347e-06
0.3973080807575773 9.606808690776347e-06
0.3972080837574873 9.222536343500565e-06
0.3965381038568843 9.606808690776347e-06
0.3957081287561373 9.222536343500565e-06
0.39409817705468836 9.606808692552704e-06
0.39384818455446335 9.222536343500565e-06
0.3931082067537974 9.606808690776347e-06
0.3930582082537524 9.606808690776347e-06
0.3922882313530594 9.222536343500565e-06
0.3919782406527804 9.606808690776347e-06
0.3918082457526274 9.606808692552704e-06
0.39163825085247445 9.606808690776347e-06
0.39107826765197046 1.7676527990673208e-05
0.3902082937511875 9.606808692552704e-06
0.38996830095097146 9.606808692552704e-06
0.38988830335089947 9.222536343500565e-06
0.3896283111506655 9.222536343500565e-06
0.38950831475055747 9.606808690776347e-06
0.3894183174504765 9.222536343500565e-06
0.3889783306500805 9.606808690776347e-06
0.3886183414497565 9.222536343500565e-06
0.38854834354969353 9.222536343500565e-06
0.38836834894953154 9.222536343500565e-06
0.38803835884923454 1.6907983296121643e-05
0.38760837174884755 9.222536343500565e-06
0.38676839694809156 1.6907983296121643e-05
0.3849384518464446 9.606808690776347e-06
0.3847784566463006 9.222536343500565e-06
0.3846284611461656 9.222536343500565e-06
0.3843284701458956 2.1134979119707964e-05
0.3839184824455266 1.460234921069059e-05
0.3839184824455266 1.460234921069059e-05
0.38326850194494166 1.460234921069059e-05
0.38291851244462666 1.4218076863414808e-05
0.38215853524394267 1.0759625734380052e-05
0.3813085607431777 1.6907983296121643e-05
0.3813085607431777 1.7292255645173782e-05
0.3811485655430337 1.7292255643397425e-05
0.3808485745427637 1.6907983296121643e-05
0.3804485865424037 9.606808690776347e-06
0.37992860214193575 9.99108103805213e-06
0.37990860274191773 9.222536343500565e-06
0.37927862164135073 9.606808692552704e-06
0.3790786276411708 9.99108103805213e-06
0.3787986360409188 9.222536343500565e-06
0.3783186504404868 1.5370893905242156e-05
0.3774886753397398 9.606808692552704e-06
0.37693869183924483 1.6907983296121643e-05
0.37677869663910085 9.606808690776347e-06
0.3764887053388398 1.1528170430707974e-05
0.37616871493855186 9.606808690776347e-06
0.37599872003839885 1.3449532167086886e-05
0.3747187584372469 9.606808690776347e-06
0.3743187704368869 9.991081039828487e-06
0.3737887863364099 9.222536343500565e-06
0.3736487905362839 9.222536343500565e-06
0.37343879683609493 1.3449532167086886e-05
0.3726888193354199 9.606808690776347e-06
0.3726888193354199 9.606808692552704e-06
0.37265882023539293 9.606808692552704e-06
0.3726388208353749 9.99108103805213e-06
0.37259882203533895 8.838263996224782e-06
0.37207883763487093 1.652371094884586e-05
0.37158885233442995 1.0375353387104269e-05
0.37156885293441194 9.606808690776347e-06
0.370368888933332 9.606808692552704e-06
0.36846894593162205 9.991081039828487e-06
0.36762897113086607 9.99108103805213e-06
0.3675989720308391 9.222536343500565e-06
0.3675689729308121 9.222536343500565e-06
0.3670089897303081 1.8060800339725347e-05
0.3665490035298941 9.606808692552704e-06
0.36620901372958814 9.222536343500565e-06
0.3657990260292191 9.222536343500565e-06
0.36562903112906614 9.606808690776347e-06
0.3653590392288231 9.222536343500565e-06
0.3652590422287331 9.222536343500565e-06
0.36519904402867914 9.606808690776347e-06
0.36507904762857113 9.606808690776347e-06
0.3645290641280762 9.606808690776347e-06
0.3644990650280492 9.222536343500565e-06
0.3644490665280042 9.222536343500565e-06
0.3641490755277342 9.606808690776347e-06
0.3634190974270772 1.4986621557966373e-05
0.3633890983270502 1.5755166252517938e-05
0.3628791136265912 1.460234921069059e-05
0.36273911782646523 1.4602349208914234e-05
0.3623891283261502 1.5755166252517938e-05
0.3618591442256732 9.606808690776347e-06
0.36101916942491724 9.222536343500565e-06
0.36002919912402626 9.99108103805213e-06
0.35989920302390926 9.222536343500565e-06
0.3598392048238553 9.606808690776347e-06
0.3591392258232253 1.6907983296121643e-05
0.3588192354229373 9.606808690776347e-06
0.35844924652260435 1.0375353387104269e-05
0.3580092597222083 9.222536343500565e-06
0.35763927082187535 1.5755166254294295e-05
0.35759927202183933 1.4986621557966373e-05
0.35670929872103835 1.7292255643397425e-05
0.35606931792046237 9.606808690776347e-06
0.3552793416197514 1.0375353385327912e-05
0.35515934521964343 9.222536343500565e-06
0.3549593512194634 9.606808690776347e-06
0.3544893653190404 9.606808690776347e-06
0.3543293701188964 9.222536343500565e-06
0.35385938421847346 9.222536343500565e-06
0.35357939261822147 9.222536343500565e-06
0.3530894073177805 9.606808692552704e-06
0.35297941061768145 9.606808690776347e-06
0.3519394418167455 9.222536343500565e-06
0.3517594472165835 9.222536343500565e-06
0.3515494535163945 9.222536343500565e-06
0.3514894553163405 9.606808690776347e-06
0.35097947061588153 9.222536343500565e-06
0.35064948051558453 9.222536343500565e-06
0.35046948591542254 9.606808690776347e-06
0.34982950511484656 9.222536343500565e-06
0.34977950661480156 9.606808690776347e-06
0.34955951321460355 9.606808690776347e-06
0.34939951801445956 1.0759625734380052e-05
0.3478395648130556 1.613943859979372e-05
0.3473795786126416 9.606808690776347e-06
0.34736957891263265 9.606808692552704e-06
0.3471395858124256 9.606808690776347e-06
0.34661960141195763 9.606808692552704e-06
0.34617961461156166 9.606808692552704e-06
0.34585962421127364 9.606808692552704e-06
0.34567962961111165 9.222536343500565e-06
0.3450096497105087 9.222536345276922e-06
0.34478965631031067 9.606808690776347e-06
0.34369968900932973 1.4986621557966373e-05
0.34349969500914973 9.991081039828487e-06
0.34343969680909575 9.606808690776347e-06
0.34282971510854676 9.606808690776347e-06
0.34146975590732276 1.6907983297898e-05
0.3411497655070348 1.6907983296121643e-05
0.3405697829065128 1.5755166252517938e-05
0.3405097847064588 1.5755166252517938e-05
0.3402597922062338 1.6907983296121643e-05
0.33994980150595483 3.8042962415829606e-05
0.33991980240592784 1.652371094884586e-05
0.3397598072057838 1.5755166254294295e-05
0.3397598072057838 1.6139438601570077e-05
0.33936981890543283 1.652371094884586e-05
0.3392698219053428 1.6907983297898e-05
0.3387698369048929 9.606808690776347e-06
0.33874983750487486 9.222536343500565e-06
0.33857984260472185 1.4986621557966373e-05
0.33626991190264294 9.222536343500565e-06
0.335269941901743 9.222536343500565e-06
0.33485995420137393 1.498662155974273e-05
0.334359969200924 9.606808690776347e-06
0.33428997130086097 9.222536343500565e-06
0.333789986300411 1.7292255645173782e-05
0.332730018099457 9.606808692552704e-06
0.33208003759887206 9.606808692552704e-06
0.33163005109846705 9.222536343500565e-06
0.33094007179784607 1.6139438601570077e-05
0.33039008829735106 9.606808692552704e-06
0.3299601011969641 9.222536343500565e-06
0.3299301020969371 9.222536343500565e-06
0.3296001119966401 9.606808690776347e-06
0.3295801125966221 8.838263994448425e-06
0.3294201173964781 9.606808690776347e-06
0.3291101266961991 9.606808690776347e-06
0.3291001269961901 9.606808690776347e-06
0.32834014979550613 9.606808690776347e-06
0.32773016809495714 9.606808690776347e-06
0.32702018939431815 9.222536343500565e-06
0.32692019239422815 9.606808692552704e-06
0.3266502004939852 9.222536343500565e-06
0.3260402187934362 9.606808692552704e-06
0.3260402187934362 1.0375353387104269e-05
0.3258402247932562 9.222536343500565e-06
0.32431027069187923 9.606808690776347e-06
0.32352029439116825 9.222536343500565e-06
0.32309030729078125 9.606808690776347e-06
0.3229403117906463 9.606808690776347e-06
0.3229303120906373 9.222536343500565e-06
0.32253032409027727 9.222536343500565e-06
0.3224403267901963 9.222536343500565e-06
0.3222603321900343 8.838263996224782e-06
0.3218603441896743 9.222536343500565e-06
0.3216503504894853 9.606808690776347e-06
0.3212003639890803 9.606808690776347e-06
0.3207903762887113 9.606808690776347e-06
0.32055038348849535 9.991081039828487e-06
0.3198304050878474 9.222536343500565e-06
0.31959041228763135 9.222536343500565e-06
0.3191904242872714 9.222536343500565e-06
0.31898043058708236 9.222536343500565e-06
0.3187104386868394 9.222536343500565e-06
0.31786046418607444 9.222536343500565e-06
0.3178304650860474 9.222536343500565e-06
0.3178204653860384 9.222536343500565e-06
0.3177804665860024 1.3065259819811104e-05
0.31741047768566943 9.606808690776347e-06
0.31741047768566943 9.222536343500565e-06
0.31713048608541744 9.222536343500565e-06
0.31707048788536346 9.606808690776347e-06
0.31669049928502147 9.606808690776347e-06
0.31640050798476044 1.4218076861638451e-05
0.3163305100846975 9.606808690776347e-06
0.3162305130846075 9.222536343500565e-06
0.3159205223843285 9.606808690776347e-06
0.3156405307840765 9.606808692552704e-06
0.3155705328840135 9.222536343500565e-06
0.3154405367838965 9.222536343500565e-06
0.3149905502834915 9.222536343500565e-06
0.3146305610831675 8.838263994448425e-06
0.31358059258222254 8.838263996224782e-06
0.3122006339809806 1.652371094884586e-05
0.31191064268071955 9.606808690776347e-06
0.3113506594802156 9.222536343500565e-06
0.3112806615801526 9.606808690776347e-06
0.3108606741797746 1.0375353385327912e-05
0.31061068167954964 9.222536343500565e-06
0.3105206843794686 9.606808690776347e-06
0.31051068467945964 9.222536343500565e-06
0.3103206903792886 9.606808690776347e-06
0.3102506924792256 9.606808690776347e-06
0.31023069307920764 9.222536343500565e-06
0.30909072727818165 8.838263996224782e-06
0.30905072847814563 1.1143898081655834e-05
0.3085507434776957 9.606808690776347e-06
0.3081607551773447 9.606808690776347e-06
0.3080107596772097 9.222536343500565e-06
0.3073907782766517 9.222536343500565e-06
0.30633081007569773 9.222536343500565e-06
0.30607081787546375 9.222536343500565e-06
0.3052508424747258 9.222536343500565e-06
0.3050008499745008 9.222536343500565e-06
0.3049208523744288 9.222536343500565e-06
0.30481085567432975 9.606808690776347e-06
0.3047908562743118 9.222536343500565e-06
0.30463086107416776 1.0759625734380052e-05
0.3040508784736458 9.606808690776347e-06
0.3040108796736098 9.606808690776347e-06
0.3029209123726288 9.606808690776347e-06
0.3025409237722868 1.2296715123483182e-05
0.3023609291721248 9.99108103805213e-06
0.30158095257142287 9.222536343500565e-06
0.30083097507074785 8.838263996224782e-06
0.3008209753707389 9.606808690776347e-06
0.30057098287051387 9.222536343500565e-06
0.3003909882703519 9.222536343500565e-06
0.2995510134695959 1.0375353387104269e-05
0.2994410167694969 9.606808692552704e-06
0.29753107406777796 1.460234921069059e-05
0.297341079767607 1.460234921069059e-05
0.29715108546743596 1.460234921069059e-05
0.296401107966761 1.8829345034276912e-05
0.29555113346599604 9.222536343500565e-06
0.29545113646590604 9.606808690776347e-06
0.295341139765807 9.991081039828487e-06
0.29527114186574405 9.222536343500565e-06
0.29522114336569905 9.222536343500565e-06
0.294551163465096 9.606808690776347e-06
0.29444116676499704 9.222536343500565e-06
0.2936911892643221 9.606808692552704e-06
0.2931912042638721 9.606808690776347e-06
0.2931912042638721 8.838263994448425e-06
0.2926812195634131 9.606808690776347e-06
0.2922612321630351 9.606808690776347e-06
0.29172124836254915 9.222536343500565e-06
0.29162125136245914 9.606808690776347e-06
0.29050128496145117 9.606808690776347e-06
0.29010129696109116 9.222536343500565e-06
0.28929132126036217 9.606808690776347e-06
0.28896133116006517 9.606808690776347e-06
0.2886713398598042 9.222536343500565e-06
0.28835134945951624 9.222536343500565e-06
0.28810135695929123 9.222536343500565e-06
0.28700138995830127 9.222536343500565e-06
0.28691139265822024 9.606808690776347e-06
0.28685139445816626 9.606808692552704e-06
0.28660140195794126 9.222536343500565e-06
0.2863414097577073 9.222536343500565e-06
0.28627141185764426 9.222536343500565e-06
0.2846814595562133 9.222536343500565e-06
0.28359149225523234 9.606808690776347e-06
0.28345149645510637 9.606808690776347e-06
0.2832215033548994 9.606808692552704e-06
0.28320150395488136 1.0375353385327912e-05
0.28262152135435936 9.222536343500565e-06
0.28260152195434135 9.222536343500565e-06
0.2813015609531714 9.606808690776347e-06
0.2809715708528744 9.222536343500565e-06
0.2809315720528384 9.606808692552704e-06
0.2809315720528384 9.222536343500565e-06
0.28041158765237045 9.606808692552704e-06
0.2797716068517944 9.222536343500565e-06
0.27908162755117344 9.222536343500565e-06
0.2785216443506695 1.652371094884586e-05
0.2782416527504175 1.844507268700113e-05
0.27476175714728557 9.99108103805213e-06
0.2747217583472496 9.222536343500565e-06
0.2744517664470066 9.222536343500565e-06
0.2741817745467636 9.606808690776347e-06
0.2738817835464936 9.222536343500565e-06
0.2732218033458996 9.222536343500565e-06
0.27260182194534166 9.222536343500565e-06
0.27159185224443266 9.222536343500565e-06
0.27146185614431567 9.222536343500565e-06
0.2703118906432807 9.222536343500565e-06
0.26949191524254273 8.838263996224782e-06
0.26875193744187675 9.222536343500565e-06
0.26805195844124674 9.222536343500565e-06
0.2675219743407698 9.222536343500565e-06
0.26746197614071576 1.460234921069059e-05
0.2671519854404368 9.99108103805213e-06
0.2670119896403108 9.222536343500565e-06
0.2668919932402028 9.222536343500565e-06
0.2667119986400408 9.606808692552704e-06
0.2664620061398158 9.606808692552704e-06
0.2658820235392938 9.606808690776347e-06
0.26551203463896084 9.222536343500565e-06
0.26536203913882583 9.222536343500565e-06
0.2650420487385378 9.606808690776347e-06
0.2647620571382859 9.222536343500565e-06
0.2638820835374939 9.99108103805213e-06
0.2635520934371969 9.222536343500565e-06
0.26272211833644993 9.222536343500565e-06
0.2626121216363509 9.606808690776347e-06
0.26206213813585594 9.606808690776347e-06
0.2616721498355049 9.222536343500565e-06
0.26108216753497393 9.222536343500565e-06
0.259582212533624 1.4986621557966373e-05
0.25869223923282303 9.222536343500565e-06
0.25836224913252603 1.7292255643397425e-05
0.2582222533324 1.652371094884586e-05
0.25726228213153607 1.7292255645173782e-05
0.25725228243152704 1.6907983296121643e-05
0.25717228483145504 1.6907983296121643e-05
0.25666230013099606 9.222536343500565e-06
0.2564423067307981 9.606808690776347e-06
0.2560723178304651 9.222536343500565e-06
0.2559423217303481 9.222536343500565e-06
0.25567232983010507 9.222536343500565e-06
0.25461236162915113 9.222536343500565e-06
0.25448236552903414 9.606808690776347e-06
0.2542923712288631 9.222536343500565e-06
0.2540123796286111 9.606808690776347e-06
0.2534323970280892 9.222536343500565e-06
0.25265242042738717 9.222536343500565e-06
0.2517224483265502 9.222536343500565e-06
0.2517124486265412 9.222536343500565e-06
0.25169244922652323 9.222536343500565e-06
0.25050248492545224 9.222536343500565e-06
0.25042248732538025 9.222536343500565e-06
0.24959251222463327 9.991081039828487e-06
0.24946251612451625 9.99108103805213e-06
0.24915252542423727 9.222536343500565e-06
0.2483025509234723 9.222536343500565e-06
0.2482825515234543 9.222536343500565e-06
0.24802255932322032 9.606808690776347e-06
0.2475825725228243 9.222536343500565e-06
0.24731258062258132 9.222536343500565e-06
0.24716258512244632 9.606808690776347e-06
0.24703258902232933 9.606808690776347e-06
0.24695259142225734 9.222536343500565e-06
0.24624261272161835 9.606808692552704e-06
0.24610261692149235 9.222536343500565e-06
0.24561263162105137 9.222536343500565e-06
0.24550263492095237 9.99108103805213e-06
0.24543263702088938 9.99108103805213e-06
0.24523264302070938 9.222536343500565e-06
0.24522264332070037 9.222536343500565e-06
0.24504264872053838 9.222536343500565e-06
0.2448126556203314 9.606808690776347e-06
0.2444426667199984 1.2296715123483182e-05
0.2442126736197914 9.606808690776347e-06
0.2441726748197554 8.838263996224782e-06
0.2439826805195844 9.222536343500565e-06
0.24340269791906244 9.222536343500565e-06
0.24274271771846845 9.222536343500565e-06
0.24238272851814446 9.222536343500565e-06
0.24237272881813546 9.222536343500565e-06
0.24178274651760448 9.606808690776347e-06
0.24171274861754147 9.222536343500565e-06
0.24156275311740646 9.222536343500565e-06
0.23994280171594853 1.2680987472535321e-05
0.23864284071477856 9.99108103805213e-06
0.23856284311470655 9.222536343500565e-06
0.23854284371468856 1.1528170428931617e-05
0.23852284431467055 9.222536343500565e-06
0.2375428737137886 9.99108103805213e-06
0.2371228863134106 9.606808692552704e-06
0.2368528944131676 1.3449532168863243e-05
0.2367228983130506 9.606808690776347e-06
0.2366429007129786 9.991081039828487e-06
0.2363029109126726 9.222536343500565e-06
0.23618291451256462 9.222536343500565e-06
0.23394298171054867 9.222536343500565e-06
0.2339329820105397 9.222536343500565e-06
0.23392298231053069 9.222536343500565e-06
0.23334299971000869 9.606808690776347e-06
0.2332830015099547 8.838263996224782e-06
0.23152305430837075 9.222536343500565e-06
0.23150305490835274 9.222536343500565e-06
0.23102306930792077 1.5755166254294295e-05
0.23079307620771378 1.652371094884586e-05
0.2300630981070568 9.222536343500565e-06
0.22941311760647182 9.606808692552704e-06
0.2293831185064448 9.991081039828487e-06
0.22885313440596783 9.606808690776347e-06
0.22820315390538284 9.222536343500565e-06
0.22773316800495985 9.222536343500565e-06
0.22765317040488786 9.606808690776347e-06
0.22672319830405088 9.606808690776347e-06
0.22623321300360988 9.991081039828487e-06
0.2258532244032679 9.222536343500565e-06
0.2255532334029979 9.222536343500565e-06
0.2255032349029529 9.222536343500565e-06
0.22533324000279992 9.606808690776347e-06
0.2250332490025299 9.222536343500565e-06
0.22497325080247593 9.222536343500565e-06
0.22488325350239494 9.222536343500565e-06
0.22446326610201695 9.222536343500565e-06
0.22426327210183694 9.606808690776347e-06
0.22407327780166594 9.222536343500565e-06
0.22391328260152196 9.606808690776347e-06
0.22379328620141395 9.222536343500565e-06
0.22309330720078396 9.606808690776347e-06
0.22287331380058598 9.606808690776347e-06
0.22197334079977601 9.222536343500565e-06
0.221623351299461 9.222536343500565e-06
0.22133335999920004 9.222536343500565e-06
0.22108336749897503 8.838263996224782e-06
0.22059338219853405 9.222536343500565e-06
0.22057338279851604 9.222536343500565e-06
0.2190134295971121 9.606808690776347e-06
0.21889343319700408 9.222536343500565e-06
0.2184834454966351 9.222536343500565e-06
0.2175534733957981 9.222536343500565e-06
0.21734347969560913 9.222536343500565e-06
0.21700348989530313 9.222536343500565e-06
0.21674349769506915 1.7676527990673208e-05
0.21617351479455615 9.222536343500565e-06
0.2156535303940882 1.3449532167086886e-05
0.21538353849384517 9.222536343500565e-06
0.2146435606931792 9.222536343500565e-06
0.2144835654930352 9.222536343500565e-06
0.2139035828925132 9.222536343500565e-06
0.21340359789206323 9.222536343500565e-06
0.21301360959171226 9.606808690776347e-06
0.21301360959171226 9.222536343500565e-06
0.21290361289161325 9.222536343500565e-06
0.21275361739147824 9.222536343500565e-06
0.21250362489125327 9.991081039828487e-06
0.21206363809085726 8.838263996224782e-06
0.21113366599002029 9.222536343500565e-06
0.2109636710898673 9.222536343500565e-06
0.20897373078807635 9.222536343500565e-06
0.20823375298741037 9.222536343500565e-06
0.20814375568732937 9.606808690776347e-06
0.2077337679869604 9.606808690776347e-06
0.20686379408617742 9.222536343500565e-06
0.20588382348529544 9.606808690776347e-06
0.20439386818395447 1.6907983296121643e-05
0.2042438726838195 1.8829345034276912e-05
0.20421387358379248 1.5755166252517938e-05
0.2041338759837205 1.5755166254294295e-05
0.2037138885833425 9.606808690776347e-06
0.2036438906832795 9.222536343500565e-06
0.20318390448286552 8.838263996224782e-06
0.2029639110826675 9.222536343500565e-06
0.20208393748187553 9.222536343500565e-06
0.20187394378168655 9.606808690776347e-06
0.20157395278141657 9.222536343500565e-06
0.20130396088117355 9.991081039828487e-06
0.20108396748097557 9.99108103805213e-06
0.2006339809805706 9.606808690776347e-06
0.2002739917802466 9.222536343500565e-06
0.19940401787946363 1.2680987472535321e-05
0.19929402117936462 8.838263996224782e-06
0.19830405087847364 1.652371094884586e-05
0.19798406047818565 1.652371094884586e-05
0.19756407307780766 1.6907983296121643e-05
0.19733407997760066 1.5370893905242156e-05
0.19716408507744768 1.613943859979372e-05
0.19688409347719568 1.652371094884586e-05
0.19645410637680868 1.652371094884586e-05
0.19542413727588173 9.99108103805213e-06
0.19528414147575573 9.222536343500565e-06
0.19474415767526973 9.606808690776347e-06
0.19442416727498174 9.222536343500565e-06
0.19429417117486475 8.838263996224782e-06
0.19419417417477475 9.222536343500565e-06
0.19369418917432477 1.0759625734380052e-05
0.1926342209733708 9.606808690776347e-06
0.1925542233732988 1.4218076863414808e-05
0.1924942251732448 1.8829345034276912e-05
0.19147425577232682 9.222536343500565e-06
0.19139425817225483 8.838263996224782e-06
0.19101426957191284 9.222536343500565e-06
0.19094427167184985 9.222536343500565e-06
0.19081427557173286 1.0759625734380052e-05
0.19053428397148087 9.222536343500565e-06
0.19051428457146286 9.222536343500565e-06
0.18998430047098588 9.99108103805213e-06
0.1885743427697169 9.222536343500565e-06
0.18784436466905993 9.606808692552704e-06
0.18735437936861893 1.8829345034276912e-05
0.18620441386758396 1.8829345034276912e-05
0.184934451966441 1.652371094884586e-05
0.184884453466396 1.6907983297898e-05
0.184824455266342 1.6907983296121643e-05
0.18475445736627902 1.9982162077880616e-05
0.184734457966261 1.844507268700113e-05
0.18461446156615302 1.613943859979372e-05
0.18427447176584702 1.5370893907018512e-05
0.18395448136555903 9.222536343500565e-06
0.1816345509634711 9.222536343500565e-06
0.17937461876143715 9.222536343500565e-06
0.1781846544603662 9.606808690776347e-06
0.1780046598602042 9.222536343500565e-06
0.1773546793596192 9.222536343500565e-06
0.17658470245892624 9.606808692552704e-06
0.17630471085867425 9.222536343500565e-06
0.17529474115776528 9.222536343500565e-06
0.1742047738567843 1.6907983297898e-05
0.1741847744567663 9.606808690776347e-06
0.1741547753567393 9.606808690776347e-06
0.17358479245622632 9.606808692552704e-06
0.17331480055598333 9.222536343500565e-06
0.17318480445586631 9.222536343500565e-06
0.17318480445586631 1.2680987472535321e-05
0.17315480535583933 9.606808690776347e-06
0.17283481495555134 9.606808692552704e-06
0.17277481675549733 9.222536343500565e-06
0.17256482305530835 1.1143898081655834e-05
0.17224483265502036 1.6139438601570077e-05
0.17208483745487635 1.6907983296121643e-05
0.17206483805485837 1.498662155974273e-05
0.17203483895483135 1.4218076863414808e-05
0.17180484585462436 9.606808690776347e-06
0.17017489475315742 9.606808690776347e-06
0.1700548983530494 1.5370893905242156e-05
0.16978490645280642 8.838263996224782e-06
0.16866494005179844 9.222536343500565e-06
0.16857494275171744 9.222536343500565e-06
0.16771496855094348 9.222536343500565e-06
0.16764497065088046 9.222536343500565e-06
0.16758497245082649 9.222536343500565e-06
0.16758497245082649 9.222536343500565e-06
0.1670749877503675 9.222536343500565e-06
0.1667949961501155 9.606808692552704e-06
0.1666749997500075 9.222536343500565e-06
0.1666150015499535 9.222536343500565e-06
0.1665150045498635 9.606808690776347e-06
0.16624501264962052 9.222536343500565e-06
0.16623501294961152 9.222536343500565e-06
0.1659350219493415 9.222536343500565e-06
0.16537503874883752 9.222536343500565e-06
0.16500504984850453 9.222536343500565e-06
0.16473505794826154 8.838263996224782e-06
0.16467505974820756 9.222536343500565e-06
0.1637050888473346 9.606808692552704e-06
0.1635150945471636 1.6907983296121643e-05
0.16278511644650662 1.6907983297898e-05
0.16185514434566964 1.652371094884586e-05
0.15997520074397767 9.222536343500565e-06
0.15965521034368968 9.606808690776347e-06
0.1594152175434737 9.606808690776347e-06
0.1592352229433117 9.222536343500565e-06
0.1592152235432937 9.606808690776347e-06
0.1590652280431587 9.606808692552704e-06
0.15870523884283472 9.222536343500565e-06
0.15828525144245673 9.222536343500565e-06
0.15809525714228573 8.838263996224782e-06
0.15803525894223172 9.606808690776347e-06
0.15690529284121477 9.606808690776347e-06
0.15659530214093578 9.606808690776347e-06
0.1558953231403058 9.606808690776347e-06
0.1557953261402158 9.222536343500565e-06
0.15482535523934282 9.222536343500565e-06
0.15460536183914483 9.606808690776347e-06
0.15449536513904583 9.222536343500565e-06
0.15433536993890185 9.222536343500565e-06
0.15423537293881184 9.222536343500565e-06
0.15389538313850584 9.222536343500565e-06
0.15369538913832584 9.606808690776347e-06
0.15366539003829885 9.222536343500565e-06
0.15357539273821785 9.222536343500565e-06
0.15203543893683188 9.606808690776347e-06
0.1518154455366339 9.222536343500565e-06
0.1518154455366339 9.222536343500565e-06
0.1515254542363729 9.222536343500565e-06
0.15057548273551793 1.613943859979372e-05
0.15050548483545495 1.7292255643397425e-05
0.14991550253492394 9.606808690776347e-06
0.14945551633450996 9.222536343500565e-06
0.14928552143435697 9.222536343500565e-06
0.14858554243372699 8.838263996224782e-06
0.14666560003199905 1.6139438601570077e-05
0.14614561563153106 1.6907983296121643e-05
0.14592562223133307 1.5370893905242156e-05
0.14560563183104508 9.222536345276922e-06
0.14550563483095508 9.222536343500565e-06
0.14483565493035208 9.222536343500565e-06
0.1446556603301901 9.222536343500565e-06
0.1446556603301901 8.838263994448425e-06
0.1444456666300011 9.606808690776347e-06
0.14383568492945212 9.606808690776347e-06
0.14361569152925413 9.222536343500565e-06
0.14323570292891213 9.606808690776347e-06
0.14193574192774217 1.4986621557966373e-05
0.1411657650270492 1.7292255643397425e-05
0.1410857674269772 1.652371094884586e-05
0.1408757737267882 1.5370893907018512e-05
0.13867583972480826 9.222536343500565e-06
0.13852584422467326 9.222536343500565e-06
0.13838584842454726 9.222536343500565e-06
0.13812585622431328 9.606808692552704e-06
0.13806585802425927 9.222536343500565e-06
0.1374758757237283 9.222536343500565e-06
0.1372758817235483 9.606808692552704e-06
0.1370258892233233 9.606808690776347e-06
0.1369958901232963 9.222536343500565e-06
0.13599592012239634 9.222536343500565e-06
0.13526594202173936 9.222536343500565e-06
0.13487595372138836 9.222536343500565e-06
0.13479595612131637 9.222536343500565e-06
0.13467595972120835 9.222536343500565e-06
0.13416597502074937 9.606808690776347e-06
0.1340659780206594 1.460234921069059e-05
0.1337859864204074 9.222536343500565e-06
0.13289601311960642 1.4986621557966373e-05
0.13271601851944442 2.689906433595013e-05
0.13193604191874245 1.652371094884586e-05
0.13156605301840946 9.222536343500565e-06
0.13039608811735648 9.222536343500565e-06
0.1299361019169425 9.606808690776347e-06
0.1295561133166005 2.075070677243218e-05
0.12766617001489955 9.606808690776347e-06
0.1264462066138016 9.222536343500565e-06
0.1262062138135856 9.222536343500565e-06
0.1259962201133966 9.606808690776347e-06
0.12465626031219064 1.5370893905242156e-05
0.12449626511204664 9.606808692552704e-06
0.12394628161155165 9.222536343500565e-06
0.12364629061128166 9.222536343500565e-06
0.12352629421117367 9.222536343500565e-06
0.12349629511114667 9.222536343500565e-06
0.12337629871103867 9.222536343500565e-06
0.12311630651080467 9.222536343500565e-06
0.12296631101066968 9.606808690776347e-06
0.12246632601021969 9.99108103805213e-06
0.12153635390938272 9.606808690776347e-06
0.12149635510934673 9.222536343500565e-06
0.12121636350909473 9.606808690776347e-06
0.12120636380908573 9.222536343500565e-06
0.12062638120856374 9.606808690776347e-06
0.12018639440816775 3.535305598312277e-05
0.11986640400787976 9.222536343500565e-06
0.11977640670779877 9.222536343500565e-06
0.11958641240762777 9.222536343500565e-06
0.11930642080737577 9.606808690776347e-06
0.11908642740717779 9.222536343500565e-06
0.11783646490605282 9.222536343500565e-06
0.11759647210583682 9.222536343500565e-06
0.11671649850504486 9.222536343500565e-06
0.11618651440456786 9.606808690776347e-06
0.11596652100436987 9.222536343500565e-06
0.11578652640420788 9.222536343500565e-06
0.11529654110376689 8.838263996224782e-06
0.11505654830355089 9.606808690776347e-06
0.1148865534033979 8.838263994448425e-06
0.1145565633031009 9.99108103805213e-06
0.11447656570302892 8.838263996224782e-06
0.11400657980260592 9.606808690776347e-06
0.11392658220253392 9.222536343500565e-06
0.11308660740177795 9.99108103805213e-06
0.11250662480125596 9.222536343500565e-06
0.11157665270041899 9.606808690776347e-06
0.111256662300131 9.222536343500565e-06
0.111256662300131 9.606808692552704e-06
0.11116666500005 9.222536343500565e-06
0.10830675079747608 9.606808690776347e-06
0.10762677119686409 9.222536343500565e-06
0.1075467735967921 9.606808692552704e-06
0.1074867753967381 9.222536343500565e-06
0.1072867813965581 9.222536343500565e-06
0.10710678679639611 9.606808692552704e-06
0.10706678799636012 9.222536343500565e-06
0.10690679279621611 9.222536343500565e-06
0.10663680089597312 9.222536343500565e-06
0.10649680509584712 9.222536343500565e-06
0.10582682519524414 8.838263996224782e-06
0.10575682729518114 9.222536343500565e-06
0.10575682729518114 9.222536343500565e-06
0.10542683719488416 9.606808690776347e-06
0.10511684649460516 9.222536343500565e-06
0.10468685939421818 9.606808692552704e-06
0.10457686269411917 9.222536343500565e-06
0.10426687199384019 9.222536343500565e-06
0.1034668959931202 9.606808690776347e-06
0.10198694039178825 9.222536343500565e-06
0.10148695539133826 9.222536343500565e-06
0.10056698299051028 9.222536343500565e-06
0.09966700998970031 9.222536343500565e-06
0.09903702888913332 1.7292255643397425e-05
0.09873703788886333 1.5755166254294295e-05
0.09863704088877334 1.4986621557966373e-05
0.09842704718858435 1.652371094884586e-05
0.09795706128816135 9.606808692552704e-06
0.09747707568772937 9.606808692552704e-06
0.09716708498745037 8.838263994448425e-06
0.09711708648740537 9.222536343500565e-06
0.0959671209863704 9.606808690776347e-06
0.09587712368628941 9.222536343500565e-06
0.09585712428627141 9.222536343500565e-06
0.09583712488625341 1.5755166254294295e-05
0.09510714678559644 9.222536343500565e-06
0.09505714828555144 8.838263996224782e-06
0.09450716478505646 9.222536343500565e-06
0.09315720528384148 1.652371094884586e-05
0.09308720738377849 1.652371094884586e-05
0.09230723078307651 1.806080033794899e-05
0.09138725838224854 1.652371094884586e-05
0.09091727248182555 1.5755166254294295e-05
0.09087727368178955 1.6907983296121643e-05
0.09050728478145656 1.4986621557966373e-05
0.08997730068097957 1.460234921069059e-05
0.08995730128096158 1.4986621557966373e-05
0.0891273261802146 1.6907983296121643e-05
0.08870733877983661 1.6907983296121643e-05
0.08829735107946761 1.5370893905242156e-05
0.08815735527934163 1.652371094884586e-05
0.08740737777866664 1.652371094884586e-05
0.08701738947831565 1.6139438601570077e-05
0.08633740987770366 9.606808690776347e-06
0.08577742667719969 9.222536343500565e-06
0.08546743597692069 9.222536343500565e-06
0.0850574482765517 9.222536343500565e-06
0.08503744887653371 9.222536343500565e-06
0.0848874533763987 9.222536343500565e-06
0.0848574542763717 1.0375353387104269e-05
0.08405747827565173 9.222536343500565e-06
0.08392748217553474 8.838263996224782e-06
0.08355749327520175 9.606808690776347e-06
0.08348749537513875 8.838263996224782e-06
0.08331750047498575 9.606808690776347e-06
0.08317750467485975 9.222536343500565e-06
0.08202753917382478 9.222536343500565e-06
0.08131756047318581 9.222536343500565e-06
0.08113756587302381 9.222536343500565e-06
0.08082757517274482 9.222536343500565e-06
0.08073757787266382 9.222536343500565e-06
0.08052758417247483 9.606808692552704e-06
0.08005759827205183 9.222536343500565e-06
0.07838764837054889 9.99108103805213e-06
0.07816765497035089 8.838263996224782e-06
0.0781376558703239 9.606808692552704e-06
0.07805765827025189 9.222536343500565e-06
0.07695769126926193 9.222536343500565e-06
0.07694769156925292 9.222536343500565e-06
0.07688769336919893 9.222536343500565e-06
0.07606771796846094 8.838263996224782e-06
0.07558773236802896 9.606808690776347e-06
0.07549773506794796 9.606808690776347e-06
0.07453776386708398 9.222536343500565e-06
0.07442776716698499 9.222536343500565e-06
0.07433776986690399 9.222536343500565e-06
0.07373778786636401 9.222536343500565e-06
0.07349779506614802 1.7676527992449564e-05
0.07295781126566203 9.222536343500565e-06
0.07237782866514005 8.838263996224782e-06
0.07236782896513104 9.222536343500565e-06
0.07166784996450107 9.606808690776347e-06
0.07080787576372709 1.844507268700113e-05
0.0703678889633311 9.606808690776347e-06
0.0701378958631241 9.222536343500565e-06
0.07004789856304311 9.222536343500565e-06
0.06968790936271912 1.460234921069059e-05
0.06917792466226014 8.838263996224782e-06
0.06897793066208013 9.222536343500565e-06
0.06800795976120716 9.606808690776347e-06
0.06731798046058618 1.5370893907018512e-05
0.06711798646040619 9.222536343500565e-06
0.06647800565983021 9.99108103805213e-06
0.06593802185934422 9.606808690776347e-06
0.06488805335839924 9.222536343500565e-06
0.06437806865794027 9.222536343500565e-06
0.06320810375688729 9.606808690776347e-06
0.0630481085567433 9.222536343500565e-06
0.0626781196564103 9.222536343500565e-06
0.06256812295631131 9.222536343500565e-06
0.06234812955611332 1.6907983296121643e-05
0.06218813435596932 9.222536343500565e-06
0.061928142155735326 9.222536343500565e-06
0.06185814425567233 9.606808690776347e-06
0.06126816195514134 1.0759625734380052e-05
0.06095817125486235 1.3065259819811104e-05
0.05966820995370139 9.991081039828487e-06
0.0593582192534224 9.222536343500565e-06
0.059188224353269404 9.222536343500565e-06
0.05839824805255842 9.222536343500565e-06
0.05828825135245943 9.222536343500565e-06
0.057878263652090436 9.222536343500565e-06
0.05784826455206344 9.606808690776347e-06
0.05706828795136146 1.3833804516139026e-05
0.05702828915132546 9.606808690776347e-06
0.05653830385088447 9.222536343500565e-06
0.05634830955071348 9.222536343500565e-06
0.05585832425027249 9.222536343500565e-06
0.0555683329500115 8.838263994448425e-06
0.05536833894983151 9.222536343500565e-06
0.05449836504904853 9.606808690776347e-06
0.05423837284881453 9.222536343500565e-06
0.05405837824865254 9.606808690776347e-06
0.05403837884863454 9.606808690776347e-06
0.05397838064858054 1.0759625734380052e-05
0.05375838724838255 8.838263994448425e-06
0.05322840314790556 9.222536343500565e-06
0.052478425647230584 9.606808690776347e-06
0.05205843824685259 9.606808692552704e-06
0.051778446646600605 9.222536343500565e-06
0.05145845624631261 9.606808690776347e-06
0.05137845864624061 9.222536343500565e-06
0.04938851834444967 9.222536343500565e-06
0.04758857234282971 9.606808690776347e-06
0.046448606541803744 9.222536343500565e-06
0.04609861704148876 8.838263996224782e-06
0.04590862274131776 9.222536343500565e-06
0.04565863024109277 9.606808690776347e-06
0.04417867463976081 8.838263996224782e-06
0.043398698039058825 9.606808690776347e-06
0.04333869983900483 9.606808692552704e-06
0.04247872563823085 9.222536343500565e-06
0.042208733737987864 9.222536343500565e-06
0.04209873703788886 1.3833804514362669e-05
0.04209873703788886 9.222536343500565e-06
0.04197874063778086 8.838263996224782e-06
0.041718748437546874 8.838263996224782e-06
0.039528814135575935 1.652371094884586e-05
0.038608841734747955 1.652371094884586e-05
0.03849884503464896 9.606808690776347e-06
0.038038858834234975 9.606808690776347e-06
0.03738887833364999 1.0375353387104269e-05
0.037198884033479 9.222536343500565e-06
0.0368888933332 1.1143898081655834e-05
0.036798896033119005 9.222536343500565e-06
0.036478905632831016 9.606808692552704e-06
0.03488895333140006 9.222536343500565e-06
0.032439026829195125 9.606808690776347e-06
0.032379028629141125 9.606808690776347e-06
0.03235902922912313 8.838263996224782e-06
0.03214903552893413 9.222536343500565e-06
0.030639080827575174 8.838263996224782e-06
0.0296391108266752 8.838263996224782e-06
0.02922912312630621 9.222536343500565e-06
0.028649140525784225 9.222536343500565e-06
0.028399148025559234 9.606808690776347e-06
0.028389148325550232 9.222536343500565e-06
0.02666919992400228 9.606808692552704e-06
0.025299241022769318 9.222536343500565e-06
0.020659380218593443 9.606808690776347e-06
0.018659440216793496 1.5370893905242156e-05
0.018239452816415508 1.498662155974273e-05
0.017649470515884523 1.4986621557966373e-05
0.01710948671539854 1.460234921069059e-05
0.014659560213193604 9.222536343500565e-06
0.014559563213103607 9.222536343500565e-06
0.014149575512734618 9.222536343500565e-06
0.013989580312590622 9.222536343500565e-06
0.012439626811195665 9.222536343500565e-06
0.011699649010529684 9.606808690776347e-06
0.008649740507784767 9.99108103805213e-06
